3.11 -5.74 1.80
6.48 -9.31 1.20
6.13 -7.94 2.09
4.26 -7.02 0.76
4.06 -7.51 0.89
10.13 -7.65 1.13
3.06 -6.24 1.42
7.26 -10.15 0.31
5.25 -8.05 0.06
9.59 -7.99 0.23
3.43 -6.90 0.51
4.27 -8.10 -1.15
5.87 -9.12 -0.88
7.45 -10.48 -1.37
4.38 -7.62 -0.90
10.63 -10.06 0.24
3.10 -6.36 2.18
5.24 -8.45 -1.39
3.22 -6.02 -0.62
7.72 -7.69 -1.03
5.48 -8.46 1.15
6.92 -8.75 -0.21
6.03 -7.89 0.16
6.20 -8.07 0.49
5.42 -7.30 0.74
6.68 -8.66 -2.99
4.76 -7.81 -2.53
5.24 -6.58 -1.44
9.93 -10.65 0.23
4.80 -5.32 2.23
4.26 -8.06 2.95
6.00 -7.81 1.74
4.88 -8.33 1.01
4.28 -9.17 -0.44
1.49 -8.44 2.34
3.17 -7.33 -2.23
7.13 -11.71 -4.16
4.58 -9.70 0.28
5.93 -8.19 -1.39
5.58 -8.60 -1.75
4.48 -7.51 -2.92
4.25 -9.52 -1.79
3.25 -6.09 -2.78
2.69 -7.23 -1.92
4.98 -11.42 -0.47
1.84 -5.28 -0.59
4.72 -8.95 -3.08
4.38 -8.92 -0.84
9.36 -10.65 0.39
1.75 -3.49 0.50
4.88 -9.23 -3.42
7.69 -10.51 -1.36
2.98 -6.36 1.76
5.65 -8.85 -0.25
5.40 -8.43 -0.36
5.26 -8.32 -0.22
3.74 -9.26 -0.98
3.35 -7.49 -2.15
5.43 -10.25 -1.81
7.97 -8.80 -1.78
6.65 -8.74 0.62
5.29 -7.45 -1.81
5.60 -9.37 -2.64
9.09 -12.79 1.34
4.94 -8.01 1.12
4.18 -8.11 0.47
5.96 -10.00 0.23
4.62 -8.70 0.60
4.89 -9.30 -0.17
3.94 -9.61 -1.57
3.92 -7.23 -1.23
8.97 -9.62 -1.64
2.60 -5.94 1.16
4.38 -9.97 -1.66
1.50 -7.43 -0.39
5.73 -9.95 0.75
6.36 -9.34 0.53
5.78 -10.24 -0.92
4.56 -8.04 -0.41
5.44 -8.51 -0.80
2.23 -11.25 -2.24
2.16 -8.44 -3.27
1.26 -7.60 -3.13
7.32 -10.03 -1.87
1.46 -3.25 -0.24
3.29 -9.80 -1.60
8.16 -9.18 1.26
12.50 -5.68 3.87
3.51 0.67 7.45
9.46 -4.24 3.41
9.44 -4.42 1.67
9.62 -3.00 2.54
8.60 -4.05 0.62
10.36 -3.52 1.91
11.50 -0.13 3.41
7.57 -1.44 3.14
12.18 -2.32 2.29
8.09 -2.58 2.70
13.86 -1.69 3.72
5.04 -2.70 4.85
8.69 -2.68 5.30
8.54 -1.46 3.73
11.59 -6.13 1.29
7.25 -5.15 -0.46
6.74 -6.63 -1.31
6.74 -9.37 -0.47
3.12 -6.81 -0.39
4.53 -9.21 -3.94
2.21 -7.18 -1.32
7.19 -12.52 -1.12
2.20 -5.95 2.75
5.85 -9.58 0.48
4.57 -8.68 -1.00
3.09 -8.73 -3.30
1.12 -7.64 -2.49
2.34 -10.31 -4.74
1.48 -11.33 -1.40
-0.51 -9.50 -1.47
0.76 -9.97 -5.50
-1.03 -8.06 -2.91
0.43 -11.40 0.37
1.94 -8.56 -1.49
2.81 -11.26 -1.74
2.95 -9.73 -3.77
2.70 -9.81 1.76
3.17 -9.33 0.66
1.80 -7.05 0.05
5.06 -8.70 0.03
3.46 -8.77 0.37
10.97 -11.25 0.58
4.93 -6.98 2.59
6.46 -10.41 1.58
4.67 -9.42 0.37
3.61 -9.06 0.37
3.03 -8.36 -0.73
2.13 -8.35 -0.78
2.66 -6.99 -2.71
5.71 -11.90 -1.07
4.34 -9.34 -2.42
2.74 -8.23 -2.74
2.01 -7.22 -1.15
3.82 -9.09 -2.38
6.54 -14.70 -2.88
2.90 -6.12 -1.11
7.17 -7.96 -3.31
4.91 -8.24 -1.84
2.26 -7.25 -1.31
4.65 -9.71 -3.56
2.72 -8.22 -4.25
6.10 -10.28 -1.28
3.85 -6.79 -0.34
2.90 -8.86 -1.67
4.78 -9.97 -3.25
3.00 -7.88 -2.93
4.32 -10.64 -0.59
3.03 -8.39 0.63
5.02 -8.32 -1.26
4.43 -8.54 -1.07
4.03 -8.18 -1.83
3.45 -8.25 -3.72
2.24 -7.73 -1.94
4.93 -8.44 -4.00
4.69 -9.33 -1.37
2.73 -5.24 -3.41
3.96 -8.39 -3.93
4.80 -7.23 -3.13
4.77 -7.38 2.08
6.08 -6.62 3.68
8.71 -5.53 4.38
7.91 -4.64 3.61
9.97 -5.34 3.89
8.36 -4.90 2.89
9.79 -3.42 3.11
11.08 -3.31 3.67
7.10 -3.79 4.14
10.93 -4.44 0.04
6.83 -5.06 1.63
13.05 -2.86 2.62
5.16 -3.56 3.26
9.12 -4.50 3.11
8.12 -4.63 1.60
9.11 -4.16 0.55
9.77 -3.90 0.30
8.23 -3.22 0.77
11.30 -2.62 1.62
5.59 -5.23 2.12
8.45 -5.89 1.60
9.37 -4.95 1.42
7.67 -4.18 -0.14
14.87 -4.17 0.58
5.54 -2.81 4.73
9.14 -2.11 3.96
9.40 -4.07 0.67
11.15 -4.89 0.73
9.50 -3.44 0.33
8.71 -3.17 -0.64
13.20 -2.28 2.61
5.49 -2.58 3.22
9.79 -3.76 1.59
8.27 -6.18 0.61
8.04 -4.10 0.17
13.83 -2.66 1.60
8.12 -3.05 1.90
9.70 -4.35 2.50
8.76 -3.40 0.90
9.27 -3.85 1.16
8.92 -4.96 -0.29
7.55 -5.12 0.26
12.84 -1.92 1.30
6.13 -2.31 1.65
9.81 -5.27 0.60
9.19 -5.60 -0.46
7.87 -4.17 -0.26
10.58 -5.22 1.24
5.41 -4.93 5.09
9.29 -5.05 1.96
8.42 -4.39 2.42
8.20 -6.03 7.91
9.38 -4.78 -1.84
8.25 -5.22 -0.56
10.36 -4.33 -0.14
6.43 -8.01 2.07
7.28 -6.25 2.10
10.04 -6.53 2.68
10.19 -4.31 1.68
9.32 -3.55 2.38
9.89 -4.33 5.60
7.81 -3.68 3.78
10.98 -0.73 3.91
10.25 -1.56 3.28
9.30 -0.97 3.34
9.82 -1.86 2.02
10.50 -1.55 1.80
11.98 -1.90 4.26
7.01 -0.97 4.44
10.88 -1.09 2.46
9.37 -0.43 1.64
13.22 -0.44 2.83
6.79 -6.53 4.06
9.40 -6.20 4.21
10.88 -3.14 3.03
9.88 -1.91 1.90
10.66 -0.91 1.41
10.33 -3.19 -0.27
10.12 -3.04 -0.51
10.51 -7.02 0.15
3.85 -6.16 -0.44
6.43 -8.05 -3.67
4.07 -7.55 -1.83
7.78 -9.63 -1.40
4.43 -8.43 -1.79
5.67 -9.10 -3.30
4.37 -8.26 -2.73
2.38 -7.77 -3.15
2.03 -5.83 -6.40
2.40 -4.61 -7.04
2.03 -3.74 -9.15
3.07 -7.32 -7.44
1.62 -4.98 -6.75
2.43 -4.61 -9.34
1.01 -5.37 -7.89
0.26 -4.36 -6.56
2.82 -7.85 -6.83
1.83 -5.70 -4.46
1.53 -5.63 -6.98
1.35 -5.57 -6.77
0.52 -4.85 -6.89
0.45 -4.22 -7.45
1.62 -4.19 -8.18
3.88 -5.89 -6.31
2.41 -4.69 -6.46
2.82 -4.50 -9.61
0.64 -4.67 -7.21
5.44 -8.55 -7.30
3.83 -8.73 -2.24
2.22 -6.77 -2.38
4.13 -10.53 -0.03
2.60 -9.61 -1.76
2.51 -8.16 -2.49
1.38 -8.35 -2.69
8.52 -13.64 -2.77
1.62 -6.15 1.66
5.14 -10.48 -1.07
3.24 -7.26 -0.50
5.43 -8.67 0.42
6.21 -10.12 -0.33
5.94 -9.83 -0.16
6.59 -7.29 1.19
4.17 -7.26 0.19
3.98 -10.73 2.28
4.96 -8.78 1.46
12.70 -6.70 0.01
4.96 -3.66 3.76
10.02 -6.66 1.75
7.51 -3.64 1.80
7.43 -4.95 2.57
10.02 -1.47 4.29
7.78 -3.15 3.45
11.33 -4.27 4.00
8.78 -4.60 2.54
8.74 -4.52 2.80
9.03 -4.62 2.08
8.28 -5.26 1.57
9.50 -4.35 2.75
10.60 -3.43 3.26
6.78 -5.25 3.63
9.70 -4.36 5.66
9.17 -3.71 2.39
9.81 -4.72 2.85
10.52 -5.08 5.15
8.14 -3.80 5.02
8.99 -4.46 3.38
9.15 -4.20 3.38
10.38 -3.62 1.90
7.69 -5.11 1.46
9.70 -2.22 1.99
5.94 -5.64 3.94
7.15 -7.97 2.28
6.42 -7.56 2.99
7.03 -5.95 1.28
10.08 -6.43 4.17
6.13 -4.33 3.97
8.82 -6.46 2.60
8.25 -3.34 2.77
10.14 -6.48 2.15
7.67 -5.35 1.94
10.65 -3.97 2.96
8.16 -3.56 2.80
8.72 -5.80 1.43
9.67 -5.44 0.86
7.58 -5.76 1.98
10.90 -5.82 3.26
6.06 -4.45 4.39
8.54 -5.81 4.77
8.43 -5.78 3.12
7.56 -6.03 2.42
7.98 -5.34 1.80
7.25 -5.79 0.76
7.33 -6.67 0.36
10.94 -6.00 0.96
5.52 -6.43 1.03
9.80 -8.97 -0.05
6.09 -7.02 0.82
7.64 -5.87 0.88
10.07 -9.66 2.25
7.19 -6.93 2.99
6.41 -5.57 2.94
7.26 -5.56 2.71
9.69 -8.62 1.26
7.35 -6.13 0.29
7.99 -6.17 0.64
7.69 -8.78 3.19
6.66 -7.02 2.00
7.57 -7.96 1.25
5.77 -7.77 1.34
5.73 -5.83 0.84
9.82 -7.64 3.63
4.92 -5.62 3.05
7.96 -6.20 3.65
6.31 -5.00 3.79
6.42 -6.80 1.44
5.52 -7.77 0.44
4.69 -7.82 -0.71
8.11 -7.53 0.88
9.17 -6.26 0.46
4.83 -6.25 -0.37
7.60 -7.18 -0.53
6.51 -5.10 2.00
12.58 -3.27 3.54
7.99 -0.30 3.55
9.49 -0.68 2.97
9.43 -0.79 2.25
9.70 -1.53 1.21
9.52 -1.34 0.74
14.10 1.09 1.92
8.77 -0.86 1.83
9.23 -2.44 2.20
8.10 -1.57 1.92
11.48 -1.63 3.08
9.74 -3.03 5.45
8.26 -2.57 2.34
11.91 -0.54 1.44
9.77 -2.68 2.06
10.00 -1.18 3.10
6.75 0.01 5.09
9.22 -0.22 2.25
10.74 0.27 2.49
9.96 -1.35 3.40
13.00 1.01 2.84
9.36 -1.86 2.70
11.09 -2.69 -2.30
12.53 0.13 3.28
9.17 -2.14 3.50
7.34 -1.53 2.96
11.66 1.08 0.15
8.29 -3.10 3.10
14.89 3.16 1.42
5.52 -1.25 4.27
9.67 -2.83 2.90
9.17 -0.01 2.28
8.17 -2.05 3.09
11.36 -2.26 3.34
6.67 -2.22 3.44
10.76 -2.72 3.46
9.88 -3.32 2.22
11.35 -3.32 0.72
9.66 -3.10 0.98
10.63 -3.36 2.26
11.35 -2.88 3.68
7.21 -3.12 3.28
9.51 -1.19 2.32
8.46 -1.96 2.09
12.14 -2.88 2.62
5.32 -4.56 3.92
8.73 -4.56 2.79
11.55 -1.55 1.15
8.69 -2.33 2.38
12.35 -2.02 4.47
7.45 -2.62 4.29
8.65 -1.81 4.40
7.94 -2.34 10.88
9.95 -2.47 -0.75
9.84 -2.34 -0.05
9.41 -2.24 -0.84
14.41 0.12 -0.94
7.20 -2.45 0.17
9.86 -4.85 0.43
7.28 -4.31 0.49
10.92 -4.24 -0.86
13.04 -5.18 1.63
6.95 -3.56 -0.16
12.19 -5.15 -0.70
7.19 -4.76 1.30
10.82 -5.50 0.74
5.88 -5.05 2.36
6.96 -7.15 -0.18
6.00 -6.73 -1.75
5.04 -7.12 -1.90
3.80 -6.46 -3.01
6.32 -7.17 -3.30
8.56 -8.53 -1.14
4.80 -6.26 -0.44
8.03 -11.92 -4.81
3.29 -7.09 -0.92
8.30 -9.76 -1.98
3.98 -6.18 0.17
5.27 -7.72 -1.91
3.98 -6.92 -1.73
3.28 -6.41 -4.17
8.20 -7.15 -3.14
4.01 -6.79 -0.53
5.78 -7.56 -0.18
6.30 -7.38 -3.56
5.64 -6.73 -4.02
4.85 -8.29 -3.01
6.16 -8.57 -5.76
3.81 -7.69 -3.19
6.55 -7.95 -3.47
5.38 -5.88 -0.36
7.00 -7.38 -0.41
6.05 -8.18 -4.00
5.85 -7.40 -2.96
6.75 -8.16 -3.03
4.00 -5.41 0.16
7.28 -6.04 -1.72
7.34 -6.48 -2.25
7.73 -7.40 -3.50
6.04 -7.58 -2.24
5.96 -6.66 -3.58
4.88 -7.06 -2.32
5.14 -5.85 -2.84
10.87 -7.57 -1.13
6.14 -5.38 -0.19
6.96 -5.50 -2.16
8.62 -8.03 0.21
6.25 -6.06 -1.17
6.37 -6.10 -1.80
6.25 -7.24 -2.32
5.54 -6.76 -1.15
7.77 -7.27 -2.75
10.69 -9.67 0.42
6.03 -6.41 -0.36
6.34 -6.27 -1.31
7.90 -6.37 -1.27
6.66 -5.86 0.10
6.56 -8.72 -0.55
5.01 -8.49 -0.02
4.77 -6.73 -0.09
10.10 -7.75 0.06
8.80 -6.47 1.04
7.71 -6.40 -0.03
5.93 -6.14 -1.30
7.00 -7.06 -3.11
5.25 -7.07 -2.66
3.86 -7.96 -2.80
3.76 -7.51 -2.73
6.49 -11.27 -0.45
4.02 -7.40 0.08
5.59 -9.02 -2.08
3.88 -7.68 -2.41
2.89 -8.24 -2.20
1.60 -7.95 -2.74
1.66 -7.98 -3.81
2.59 -6.59 -4.84
6.92 -7.42 0.63
4.74 -4.11 1.45
11.03 -8.37 3.45
8.49 -5.83 1.48
9.36 -2.97 2.22
9.57 -1.91 3.56
9.10 -1.36 4.81
9.35 -1.84 3.40
9.18 -0.35 2.24
9.90 -1.37 2.06
10.38 -2.14 1.13
9.59 -1.59 0.46
13.45 0.78 2.66
7.02 -1.02 4.28
8.04 -3.38 2.23
10.44 -2.26 2.34
8.41 -3.17 2.14
13.50 -1.17 3.20
8.48 -2.99 4.95
9.14 -3.08 4.98
9.92 -1.97 3.17
8.97 -0.55 3.07
12.07 -2.77 2.28
10.19 -3.56 0.28
9.29 -2.67 -0.06
14.44 0.18 2.16
6.81 -1.58 3.03
8.73 -4.06 0.59
10.17 -4.29 0.45
6.19 -4.35 0.01
11.97 -4.81 1.20
8.79 -5.01 3.06
10.12 -7.36 -0.46
6.73 -5.58 -0.72
6.17 -5.90 -2.71
6.53 -6.52 -2.66
5.82 -6.48 -4.18
4.52 -5.64 -4.07
9.72 -7.12 -2.05
7.47 -7.40 -0.92
5.93 -6.17 -1.62
6.30 -9.01 -3.08
2.46 -7.57 -0.92
4.36 -7.43 -0.12
6.77 -9.25 2.06
7.29 -8.00 3.70
6.38 -6.50 3.72
5.55 -5.56 3.22
8.52 -7.46 4.40
8.43 -5.33 3.21
9.17 -3.04 2.64
12.91 0.28 4.14
7.22 -0.62 3.80
8.72 -2.09 3.63
12.32 -2.03 1.85
10.04 -0.42 2.46
11.83 -1.10 2.64
8.97 -3.85 7.42
10.05 -1.88 4.64
9.96 -0.36 2.98
9.08 -1.72 2.89
11.94 -2.35 1.02
10.28 -2.18 1.07
9.79 -1.86 1.59
10.76 1.25 2.66
7.06 -1.46 3.93
8.44 -1.77 2.97
10.24 -3.35 3.46
9.94 -2.78 2.41
10.92 -2.30 1.48
9.26 -5.05 -0.10
6.48 -5.54 -0.38
8.85 -6.46 1.99
5.55 -6.70 2.03
8.36 -8.21 1.32
7.92 -7.12 1.57
6.33 -7.33 1.31
6.61 -6.75 0.63
9.69 -7.02 2.09
8.63 -4.47 1.85
12.05 -1.03 2.60
9.73 -4.34 4.61
8.26 -2.99 3.96
8.48 -3.23 3.42
10.26 -2.99 1.52
10.20 -5.37 0.77
7.71 -4.75 0.52
8.40 -5.50 -0.18
9.57 -6.69 0.23
6.42 -5.38 -0.46
9.04 -7.45 -1.59
5.89 -5.92 -0.72
6.91 -5.61 -2.82
10.60 -9.99 -0.19
6.73 -6.26 -0.68
6.34 -5.69 0.19
5.92 -4.73 0.89
12.41 -7.25 1.82
9.17 -5.02 2.81
8.67 -2.75 2.36
14.30 0.25 3.59
6.89 1.64 3.86
9.20 -1.21 3.74
9.22 -1.02 2.72
10.25 -1.11 2.70
10.59 -2.51 1.18
9.55 -1.54 0.47
10.81 -1.40 2.10
12.43 -3.57 4.98
10.76 -3.79 2.08
7.54 -5.47 1.23
6.47 -5.94 -0.52
7.24 -6.55 -1.52
6.75 -7.15 -2.96
4.16 -7.00 -3.10
7.85 -6.46 -5.12
6.15 -6.84 -3.91
3.10 -6.06 -5.47
4.67 -5.64 -6.64
3.63 -5.43 -1.25
8.91 -7.86 -1.98
7.93 -5.65 -0.08
6.10 -5.38 -0.03
7.49 -4.56 0.68
10.25 -2.85 1.11
10.10 -1.91 2.87
8.27 -1.17 3.96
14.17 0.98 2.32
6.92 -2.35 7.02
7.84 -1.20 2.72
10.79 -2.42 1.77
9.79 -1.47 2.03
9.90 -2.35 2.76
9.36 -1.00 5.46
7.66 -1.56 3.88
12.74 -1.57 3.05
10.81 -2.60 0.46
8.35 -3.53 -0.11
7.78 -6.06 -1.12
10.13 -5.02 -0.70
5.29 -8.66 -0.86
5.62 -5.64 -0.90
8.32 -7.96 -5.66
4.68 -5.92 -2.19
8.59 -10.05 -3.25
4.67 -7.27 0.95
6.54 -9.10 -0.31
7.58 -9.61 0.60
5.37 -7.43 0.06
5.63 -9.76 -2.17
4.36 -7.75 -2.73
6.68 -10.58 -2.39
1.19 -6.09 -1.81
2.11 -6.61 -1.08
3.43 -9.46 -1.68
6.01 -12.94 -1.34
4.06 -7.01 0.64
5.44 -10.97 -1.45
4.83 -7.35 -1.71
3.06 -7.98 -1.38
5.47 -8.55 -2.02
10.19 -9.33 -3.97
0.99 -2.13 1.16
8.64 -8.72 -3.65
8.30 -10.08 -0.57
7.92 -9.90 0.44
6.90 -6.77 -1.19
5.67 -7.26 -0.50
6.68 -7.26 -2.96
5.11 -6.39 -3.09
6.11 -7.77 -4.19
8.76 -11.20 -1.32
1.18 -2.61 0.12
7.32 -9.38 -5.24
10.55 -11.54 -0.08
2.40 -2.87 0.14
6.98 -7.39 -4.31
8.66 -8.53 -1.02
6.12 -6.56 0.89
5.77 -8.72 0.82
4.95 -6.09 -3.04
5.65 -8.41 -1.63
3.99 -7.17 -2.17
11.47 -12.99 -0.90
0.25 -2.02 1.07
7.79 -10.24 -2.65
7.83 -9.70 -1.66
5.73 -7.16 1.22
5.64 -6.66 0.06
4.19 -7.74 -2.59
4.30 -9.59 -4.31
4.42 -8.71 -3.62
2.05 -7.05 -3.07
9.45 -10.42 -2.81
1.95 -4.31 -1.88
4.94 -5.92 -6.95
4.09 -5.88 -3.88
6.77 -10.46 -7.31
2.40 -5.45 -4.16
3.65 -4.60 -3.77
4.55 -7.08 -4.39
3.66 -7.38 -4.39
2.76 -5.96 -4.46
5.61 -6.07 -6.33
6.88 -7.95 -5.01
4.01 -3.94 -0.03
7.36 -7.18 -2.28
5.28 -7.03 -1.99
3.84 -6.29 -3.27
8.62 -8.09 -2.99
4.20 -4.35 0.34
7.01 -6.32 1.53
7.43 -7.08 0.34
8.02 -8.82 -2.17
5.06 -6.42 -1.86
8.17 -6.58 -1.33
7.46 -7.56 -0.11
5.10 -6.79 -2.20
3.33 -6.30 -1.59
8.57 -7.51 -1.26
3.47 -5.77 1.58
6.25 -5.16 0.20
10.09 -5.47 0.22
6.94 -5.27 2.40
10.05 -3.34 3.27
9.60 -1.87 2.65
11.49 -1.89 2.69
10.52 -1.84 2.56
7.21 -2.58 1.45
8.38 -0.81 2.73
14.66 4.24 1.62
6.33 -3.51 3.02
9.07 -3.74 4.34
9.29 -1.49 2.99
8.87 -1.07 2.42
9.25 -1.09 0.55
9.34 -0.50 0.48
14.46 -0.57 0.88
6.59 -2.57 2.83
6.09 -4.58 0.13
5.37 -6.27 -0.80
8.36 -6.19 -1.76
6.04 -8.80 -0.33
7.60 -6.60 -0.19
5.33 -6.84 -1.13
4.98 -7.26 -3.22
4.96 -7.71 -1.73
1.78 -5.60 -1.80
3.01 -7.88 -4.01
10.39 -11.02 -1.87
1.64 -3.18 0.71
13.21 -9.74 -1.22
9.20 -5.48 3.18
8.95 -5.28 4.30
8.70 -2.56 4.17
10.65 -4.33 2.83
8.90 -4.08 1.57
9.21 -4.82 0.42
8.37 -4.62 0.62
13.33 -4.83 2.24
3.87 -4.93 1.04
5.98 -7.78 -2.01
4.38 -5.79 -1.89
9.61 -8.37 -2.23
4.37 -5.60 0.22
4.82 -5.07 1.06
11.56 -10.54 0.68
6.62 -6.79 2.89
6.77 -4.72 2.22
9.68 -3.39 4.18
14.45 0.50 0.60
4.13 -2.70 2.40
13.57 -3.97 2.87
6.76 -3.56 1.67
13.15 -1.07 1.97
8.17 -2.47 4.33
9.76 -1.27 4.32
9.32 -1.87 2.45
9.97 -1.21 2.36
9.71 -2.91 0.90
9.19 -2.19 1.11
10.90 -2.00 0.93
11.52 -1.82 2.32
8.60 -2.05 0.84
7.64 -0.69 0.90
13.71 0.20 3.06
6.28 -5.60 4.21
9.44 -3.91 4.17
8.59 -3.24 3.26
11.13 -3.01 1.15
8.80 -1.66 1.92
9.97 -2.34 2.23
13.55 -3.70 2.56
4.16 -3.02 3.52
11.63 -6.31 -0.09
8.45 -3.32 2.29
12.41 -4.68 3.90
9.38 -1.47 4.07
8.85 -1.66 3.52
10.06 -1.19 2.27
10.20 -1.47 2.71
10.51 -0.78 2.01
11.03 -0.75 1.79
9.67 -2.15 0.74
9.14 -1.51 1.00
12.40 -2.37 3.00
5.12 -3.87 2.09
10.86 -6.10 0.50
5.92 -5.33 -0.82
11.70 -5.13 1.46
10.13 -5.53 2.39
9.79 -2.09 3.79
10.85 -4.30 2.36
9.13 -2.10 2.21
9.12 -1.91 1.20
10.66 -1.82 -0.41
9.52 -2.27 0.29
11.60 -2.61 0.61
6.58 -7.92 1.20
7.94 -6.60 0.37
5.60 -6.10 -0.07
10.13 -7.60 -0.72
10.08 -3.50 1.49
9.02 -3.56 2.26
9.04 -3.80 1.79
8.86 -4.98 1.63
9.50 -3.08 0.01
9.56 -4.29 -0.88
8.58 -3.78 -1.35
9.25 -3.52 -0.38
12.76 -3.48 -0.93
5.50 -4.41 -1.53
8.76 -4.57 -2.58
7.84 -5.88 -2.10
12.37 -5.59 -1.11
5.40 -4.10 0.58
8.70 -5.19 -1.14
8.75 -4.59 -1.82
8.05 -3.59 -0.76
9.31 -5.01 -1.11
10.05 -1.93 1.03
9.74 -2.19 2.73
8.66 -3.21 0.78
9.53 -3.80 -0.08
8.74 -3.44 0.56
12.06 -0.14 2.31
7.14 -2.32 2.02
11.00 -1.34 0.62
7.40 -3.19 1.64
13.14 -1.23 0.86
6.06 -4.93 2.43
9.22 -3.08 2.65
8.68 -5.28 0.67
8.15 -5.48 -0.02
8.18 -4.36 0.91
7.67 -4.57 1.96
9.12 -2.92 3.06
9.62 -3.50 -0.42
9.82 -3.49 -0.16
8.46 -1.92 1.56
14.54 -2.00 1.24
5.44 -4.89 -3.91
6.97 -3.61 -0.55
10.01 -3.46 0.12
9.84 -6.00 1.25
8.63 -5.22 2.14
7.51 -3.89 0.17
8.61 -4.62 0.28
12.54 -0.95 0.93
11.63 -4.25 1.69
8.65 -3.36 2.35
9.40 -4.49 1.23
9.62 -5.76 -0.94
7.35 -3.99 0.98
14.23 -2.77 3.09
4.83 -5.15 3.29
10.85 -7.55 3.00
6.90 -4.17 1.59
10.57 -5.11 3.91
7.56 -7.18 2.92
10.35 -3.73 3.38
9.75 -6.45 2.29
8.00 -5.71 2.71
9.27 -4.99 1.77
9.28 -5.70 3.34
7.94 -6.25 2.13
9.14 -6.01 1.55
6.51 -5.70 1.47
11.84 -7.42 0.62
8.19 -5.41 0.81
8.84 -3.21 -2.90
4.87 -6.45 0.81
11.82 -5.38 0.68
8.26 -4.79 2.48
7.90 -3.47 1.70
11.83 -5.86 0.59
7.40 -4.32 2.14
10.43 -3.84 2.20
10.36 -3.93 -0.99
8.62 -4.04 0.17
8.74 -4.98 -0.09
12.68 -4.73 0.36
2.90 -6.68 1.10
7.53 -6.15 -1.03
11.10 -7.64 -1.28
6.61 -5.83 0.91
7.52 -6.45 -0.76
7.04 -7.47 -1.42
6.78 -6.23 0.67
8.09 -6.13 0.54
7.91 -4.26 -0.24
8.94 -6.00 -0.16
6.43 -6.24 -0.01
13.56 -8.05 -1.58
5.87 -3.22 1.18
6.71 -7.93 -1.03
4.43 -5.99 -0.48
10.40 -7.01 -0.71
7.29 -6.58 1.02
8.12 -7.11 -0.01
8.54 -7.33 -0.30
8.05 -6.01 -0.63
6.74 -6.17 -1.27
6.99 -7.30 -1.56
5.61 -5.95 -2.64
8.25 -5.98 -2.14
7.66 -6.81 -1.06
5.11 -5.27 -2.23
7.39 -6.64 0.37
6.75 -6.79 -0.38
13.28 -7.49 1.71
7.34 -7.68 3.98
4.91 -5.68 5.24
2.15 -4.13 8.18
2.18 -6.77 7.89
0.77 -7.47 7.47
-0.23 -7.48 7.49
0.91 -6.59 8.20
5.04 -7.79 11.17
2.72 -5.14 6.27
3.10 -6.03 3.76
4.13 -8.94 0.79
5.47 -7.74 0.73
9.42 -8.20 1.06
7.17 -4.74 0.52
9.10 -3.57 0.66
9.96 -3.31 -0.15
8.27 -2.29 0.14
16.74 -4.21 2.46
7.47 -1.68 4.71
9.52 -4.09 0.70
7.95 -3.43 1.25
12.06 -3.40 0.49
7.52 -6.65 2.79
9.54 -6.23 3.08
10.14 -4.47 2.12
8.97 -2.51 0.94
10.62 -4.54 -0.25
8.81 -3.46 -1.02
8.47 -3.38 -0.60
16.77 -2.07 1.83
4.97 -1.95 0.32
13.35 -1.57 -0.48
8.21 -2.23 0.24
11.79 -5.53 2.01
6.49 -4.26 3.20
8.35 -3.20 3.35
8.86 -0.62 4.31
9.64 -1.59 2.83
10.81 -2.73 2.29
9.58 -2.26 1.25
12.25 -0.36 2.81
4.78 -1.40 3.84
13.29 -3.42 6.55
7.29 -2.97 1.09
12.47 -1.80 3.56
6.62 -4.40 1.64
9.48 -3.31 3.96
9.43 -1.74 2.61
10.69 -2.46 1.81
10.28 -3.05 0.78
9.46 -2.03 0.84
10.52 -3.08 2.34
12.81 -3.37 3.29
5.72 -2.85 0.80
7.67 -2.93 -0.34
11.64 -2.28 2.81
8.95 -7.32 2.86
9.05 -5.82 4.03
10.31 -3.63 2.50
9.96 -2.26 2.46
9.51 -2.07 0.83
9.45 -1.38 1.54
8.91 -3.44 1.00
11.80 0.35 4.77
6.19 -2.21 2.25
13.58 -1.15 0.78
7.62 -3.27 2.33
14.84 -1.87 2.87
4.77 -4.72 4.17
11.80 -2.00 3.23
10.08 -2.76 2.67
9.56 -4.75 2.12
9.63 -1.93 1.40
9.92 -2.61 -0.16
8.70 -2.77 0.42
11.45 -0.28 2.21
5.38 -3.03 2.60
11.49 -2.62 1.28
8.59 -2.46 0.58
9.75 -3.20 1.13
10.51 -7.16 3.83
8.26 -2.18 3.54
10.13 -3.08 2.05
9.85 -3.27 1.36
10.79 -2.38 0.89
10.48 -2.73 -0.57
8.39 -1.68 -0.33
13.93 -3.16 1.33
4.55 -5.52 0.59
4.68 -6.25 -1.92
2.76 -5.85 -1.52
1.08 -7.06 -2.62
7.43 -9.09 -0.68
4.27 -7.02 0.26
4.82 -8.92 -3.31
4.36 -7.05 -2.79
4.80 -8.77 -2.60
3.91 -8.47 -3.26
2.53 -8.23 -2.73
0.98 -8.95 -0.73
1.14 -7.74 -1.43
4.71 -11.16 -1.94
3.07 -8.50 0.29
4.62 -11.50 -2.28
2.18 -7.12 -1.98
2.04 -11.77 -0.33
0.74 -9.65 -0.82
1.23 -9.50 -1.92
5.81 -11.21 -1.08
3.40 -7.66 1.31
5.89 -11.24 -0.77
2.98 -9.32 -2.06
1.75 -8.40 -0.05
1.14 -8.52 -1.23
0.81 -9.33 -1.61
3.55 -9.96 -1.70
3.56 -7.56 0.34
0.93 -10.86 -0.99
-0.48 -6.73 -2.72
2.56 -9.53 -2.08
7.99 -15.69 0.42
3.34 -7.95 2.48
2.65 -8.05 0.02
1.26 -7.49 -1.44
2.27 -10.60 -0.66
0.81 -9.24 -2.65
1.23 -8.10 -2.71
2.50 -11.75 -1.14
3.43 -8.83 -0.57
1.98 -9.61 -2.84
0.02 -7.22 -3.32
-0.32 -6.85 -2.59
4.19 -11.11 -1.46
2.56 -7.90 1.18
2.75 -8.81 0.21
3.38 -7.23 2.65
7.13 -8.89 5.22
8.01 -5.50 5.93
9.45 -0.34 4.65
11.46 2.01 3.64
7.38 3.34 4.23
9.98 0.36 5.54
8.27 -2.94 4.84
8.67 -1.71 3.52
12.59 0.53 4.39
6.44 -2.06 3.14
10.82 -0.06 3.83
10.84 -5.40 0.76
5.50 -5.84 -0.66
3.92 -5.15 -4.16
3.14 -6.95 -2.66
4.24 -9.52 -1.45
2.47 -5.86 0.19
1.94 -10.26 -0.55
2.05 -8.73 -2.05
1.02 -7.68 -3.51
4.98 -10.94 -2.83
4.17 -7.25 -1.31
4.99 -9.53 -3.64
2.90 -5.93 -1.76
2.48 -6.06 2.37
7.19 -6.89 3.62
13.73 -2.38 4.66
9.40 -3.07 2.46
8.58 -2.52 1.83
8.65 -0.64 0.28
9.80 -1.94 2.10
12.48 -2.82 5.01
9.87 -4.55 2.43
6.30 -6.09 0.41
6.60 -7.37 -0.63
5.12 -8.04 -3.65
2.21 -6.95 -3.73
1.83 -6.97 -2.24
5.89 -12.18 -0.52
2.65 -6.75 1.03
3.92 -15.16 -1.97
0.63 -7.05 -0.81
5.03 -7.41 -1.52
3.26 -5.02 1.94
10.65 -12.34 -2.70
6.54 -5.92 -0.21
7.62 -4.66 2.71
8.02 -4.23 2.56
13.25 -2.28 3.46
6.60 -3.42 4.29
10.35 -3.41 4.46
7.83 -7.25 1.23
5.98 -3.34 1.58
17.50 -3.44 3.50
7.38 -4.77 0.98
5.26 -7.49 1.17
5.29 -6.82 -2.31
3.82 -6.98 -3.53
1.11 -7.96 -3.62
2.90 -9.25 -3.61
8.97 -12.71 -1.84
1.97 -7.09 -0.01
3.50 -9.21 -5.09
3.67 -7.49 -3.76
1.27 -8.34 -1.32
0.90 -7.24 0.12
3.69 -7.55 -2.94
3.91 -9.37 -1.85
2.82 -7.76 -1.26
2.97 -8.31 -2.40
2.96 -7.56 -2.07
9.59 -11.19 -2.27
3.49 -5.37 -0.01
6.31 -9.95 -4.61
2.00 -5.01 -1.00
5.03 -8.96 -3.34
3.83 -7.16 -0.46
5.24 -9.28 -1.37
3.85 -8.86 -2.85
3.77 -10.09 -2.62
2.06 -8.38 -1.34
3.43 -9.12 -2.18
4.35 -8.70 -0.01
2.40 -7.70 -3.50
0.76 -6.30 -3.76
5.29 -10.35 -6.35
2.78 -9.06 -0.88
2.12 -8.22 -1.47
2.16 -8.88 -2.91
2.34 -9.48 -1.01
0.93 -8.59 -1.83
0.68 -8.83 -1.19
-0.20 -6.38 -2.16
6.05 -14.22 -3.23
1.38 -5.57 0.40
7.86 -11.94 -5.46
0.83 -5.26 -2.12
7.76 -11.16 -5.42
4.26 -8.51 -1.41
3.98 -8.29 -3.76
3.01 -9.26 -5.38
2.59 -7.83 -3.32
1.66 -5.84 -3.64
7.48 -14.19 -3.88
0.10 -3.51 0.36
7.24 -13.91 -4.20
1.27 -4.18 -2.13
10.82 -12.91 -2.46
0.95 -2.51 0.52
7.91 -10.45 -5.85
8.18 -10.78 -1.18
1.75 -5.34 1.48
0.95 -6.45 -4.41
1.73 -7.22 -2.35
5.74 -8.00 -0.19
6.55 -10.93 -0.21
2.22 -6.44 -1.97
4.91 -11.08 -2.63
2.15 -8.43 -2.11
8.19 -11.44 -3.24
3.12 -6.71 -0.31
6.86 -7.93 -10.02
2.77 -5.01 -5.35
6.61 -10.02 -6.07
3.46 -6.17 -1.17
4.46 -8.23 -3.36
3.26 -6.36 -6.61
2.00 -6.12 -4.06
4.73 -8.11 -5.72
5.84 -10.86 -3.52
0.37 -3.33 -1.07
1.78 -8.51 -3.85
2.53 -6.16 -4.00
8.08 -8.82 -3.90
2.72 -5.11 -0.31
3.87 -7.38 -4.36