-2.48 -2.43 8.34
-7.15 -4.35 4.92
-10.83 -2.11 -3.69
-9.09 -4.82 -3.54
-10.09 -2.51 0.80
-10.82 -0.95 2.70
-10.70 -1.15 5.02
-12.11 -2.18 1.70
-2.29 -1.05 6.52
-9.13 -2.00 0.61
-5.62 -4.01 -5.22
-9.15 -5.23 -1.39
-9.87 -6.90 2.05
-8.14 -3.11 3.59
-10.72 -1.47 5.80
-4.60 0.05 3.20
-2.59 -1.27 6.70
-8.72 -2.71 2.59
-8.65 -7.35 -3.29
-7.77 -6.85 -1.55
-7.70 -6.14 1.24
-9.72 -5.70 4.43
-10.35 -5.95 1.78
-7.51 -3.69 16.45
-5.56 -3.47 7.93
-9.01 -4.71 2.60
-7.66 -8.53 -2.46
-7.37 -5.23 -3.34
-8.51 -4.00 -0.75
-8.30 -3.73 2.00
-10.18 2.56 -0.00
-3.25 1.22 4.08
-5.04 -4.17 8.72
-7.85 -3.17 4.42
-9.48 -2.15 -4.15
-10.74 -4.47 1.02
-10.22 -6.51 0.32
-10.21 -4.51 -0.71
-9.29 -3.86 0.43
-4.76 -6.76 10.14
-4.66 -3.44 7.55
-9.68 -4.84 0.04
-7.40 -3.49 -0.77
-9.11 -2.14 -0.93
-8.25 -4.69 0.75
-10.39 -5.79 3.91
-5.99 -5.81 1.28
-4.87 -5.83 10.94
-6.22 -4.89 7.39
-6.41 -7.50 -11.53
-6.36 -5.27 1.11
-12.04 0.45 2.01
-10.08 -2.87 1.44
-10.53 -5.09 4.55
-11.73 -4.25 6.60
-7.07 -0.42 13.67
-8.84 -4.94 3.77
-8.62 -3.48 4.36
-11.04 -0.48 -1.17
-8.61 -3.45 -1.81
-8.13 -3.61 0.14
-8.27 -1.57 -0.09
-4.93 -6.26 -2.72
-5.44 -5.94 9.48
-9.00 -1.85 5.58
-9.20 -0.61 -1.49
-10.22 -3.06 0.67
-10.86 -2.99 -2.05
-9.72 -3.31 0.76
-8.40 -2.94 0.28
-7.15 -3.05 3.33
-5.06 -3.76 10.38
-8.22 -3.24 4.53
-19.43 -5.23 7.26
-8.92 -4.68 0.42
-9.85 -6.65 -1.38
-8.80 -3.79 3.05
-10.27 -3.29 5.57
-7.13 0.76 11.41
-6.46 -2.38 9.35
-5.55 -3.40 7.06
-9.88 -1.82 -7.13
-12.83 -5.15 7.91
-8.35 -5.17 3.17
-6.30 -2.52 2.62
-4.29 -2.59 9.49
-5.64 -2.52 9.90
-9.08 0.31 -1.45
-11.01 -2.33 -0.51
-11.91 -3.44 2.12
-10.66 -3.22 2.18
-8.63 -1.65 1.91
-5.77 0.51 10.83
-7.21 -6.96 7.36
-6.85 -2.53 -4.77
-6.96 -2.98 3.46
-7.21 -4.35 7.72
-5.22 -6.24 10.47
-4.05 -4.12 7.18
-5.11 -4.28 8.95
-8.09 -6.05 5.21
-9.39 -2.33 0.57
-7.21 -4.05 -0.23
-8.75 -5.61 5.61
-10.00 -3.91 8.09
-9.97 -2.02 7.76
-2.45 -1.91 14.98
-7.93 -3.25 5.51
-7.86 -4.90 5.04
-8.66 -4.26 -1.16
-10.69 -2.30 1.74
-9.29 -3.46 3.07
-7.89 -5.02 4.23
-7.73 -4.37 5.62
-6.88 -0.78 10.63
-6.77 -5.30 6.03
-7.52 -4.45 4.60
-9.95 -3.92 -1.83
-8.35 -4.96 2.01
-8.70 -2.33 3.07
-8.21 -3.15 3.05
-10.47 -3.37 3.53
-2.55 -1.53 11.90
-4.89 -4.42 8.76
-10.46 -3.12 0.48
-8.47 -2.81 1.94
-10.27 -2.57 2.47
-10.09 -2.96 3.44
-9.91 -1.71 3.08
-10.95 -1.33 3.42
-5.68 1.73 9.41
-7.06 -3.63 7.34
-7.64 -5.26 4.30
-8.48 -3.11 -3.94
-9.03 -1.68 2.37
-7.98 -3.39 2.37
-7.46 -3.33 2.52
-6.60 -1.58 2.73
-7.89 -3.57 7.02
-5.85 -2.62 15.19
-10.39 -6.60 11.70
-8.87 -4.29 0.34
-8.03 -3.97 0.95
-6.45 -2.68 1.53
-9.26 -3.85 3.82
-10.36 -2.71 1.79
-4.66 -0.84 6.73
-7.67 -2.34 7.21
-7.15 -3.60 4.00
-10.30 -2.73 1.36
-9.02 -3.30 3.85
-9.74 -2.89 3.62
-9.29 -3.89 5.32
-9.72 -3.78 6.00
-1.59 -0.39 5.81
-8.93 -7.05 2.94
-10.19 -4.27 0.35
-9.68 -7.21 -6.95
-5.67 -5.83 -0.55
-8.06 -2.68 -0.55
-9.92 -5.02 4.03
-10.41 -3.91 6.72
-8.35 -0.77 5.24
-5.54 -4.88 8.15
-7.53 -5.24 4.94
-9.96 -2.63 -1.14
-9.08 -3.16 0.67
-8.57 -4.08 0.76
-8.93 -2.92 2.00
-6.12 -2.72 5.52
-1.46 -2.29 10.10
-8.63 -3.58 -2.06
-9.00 -4.72 -3.85
-8.84 -4.92 -1.96
-8.44 -4.11 1.63
-8.17 -2.68 3.13
-8.55 -3.41 3.50
-1.23 -4.38 11.49
-5.88 -5.65 7.80
-7.70 -4.15 3.03
-10.55 -5.46 0.23
-8.91 -5.05 1.66
-8.34 -4.61 3.39
-7.46 -4.32 3.37
-7.54 -3.60 6.28
-2.94 -2.87 10.83
-5.43 -4.31 6.83
-8.96 -3.70 3.77
-10.50 -3.22 -1.76
-9.84 -3.00 1.85
-8.04 -4.48 3.21
-7.62 -2.81 7.60
-5.57 0.14 6.32
-8.41 -5.55 3.78
-8.83 -3.54 3.63
-9.03 -5.04 -6.39
-8.92 -5.63 3.59
-10.34 -4.00 5.62
-9.64 -3.58 4.90
-8.90 -3.11 5.63
-9.25 -1.97 6.63
-3.68 -1.31 12.81
-7.45 -3.83 3.70
-7.41 -5.01 1.59
-5.60 -4.29 5.61
-0.08 -8.15 3.97
-6.50 -2.21 7.69
-10.32 -2.56 8.77
-2.90 -4.74 9.24
-6.51 -6.97 5.80
-13.53 -4.89 -0.45
-17.14 1.29 4.66
-8.21 -9.19 4.49
-4.75 -8.36 4.81
-3.88 -5.53 5.64
-0.91 -5.40 9.51
-7.39 -6.02 3.62
-8.29 -6.22 1.45
-7.13 -6.23 0.19
-5.37 -9.81 2.04
-4.45 -2.94 2.49
-8.67 -3.20 4.38
-5.00 -8.55 9.85
-3.07 -5.91 7.87
-8.50 -5.48 4.03
-8.05 -4.96 -0.99
-6.66 -2.61 -0.30
-6.80 -3.27 1.40
-8.15 -2.10 4.89
-9.97 -2.62 12.25
-7.18 -4.86 5.89
-5.47 -2.35 7.36
-8.50 -4.70 4.20
-8.94 -5.02 -0.33
-8.07 -3.31 2.25
-8.57 -2.21 4.76
-11.69 -2.54 5.31
-5.66 -5.21 7.44
-5.01 -6.52 9.90
-7.09 -1.93 6.79
-6.48 -5.07 6.66
-9.26 -6.76 -2.01
-9.17 -1.24 4.30
-8.15 -5.95 3.47
-7.68 -2.16 7.05
-8.10 -3.07 9.73
-6.60 -3.51 7.54
-7.09 -5.34 3.66
-7.76 -7.20 1.02
-14.52 -7.48 4.93
-7.22 -9.68 3.35
-6.26 -3.18 3.19
-7.38 -3.36 5.07
-9.47 -4.29 4.38
-5.17 -1.68 7.80
-4.15 -3.61 8.89
-4.41 -7.06 5.59
-7.84 -10.04 -6.48
-6.09 -6.11 0.32
-11.68 -0.42 2.60
-7.88 -2.07 3.34
-4.37 -2.10 3.63
-2.36 -0.36 13.25
-7.27 -3.90 4.79
-7.68 -5.50 4.40
-9.47 -8.11 0.33
-10.11 -4.47 1.53
-9.93 -4.79 2.48
-7.99 -5.74 3.40
-6.69 -2.44 0.91
-4.86 1.21 8.87
-5.43 -3.57 6.70
-7.64 -5.63 0.44
-11.00 -2.33 -4.34
-8.60 -2.28 -2.16
-7.27 -3.11 1.44
-8.70 -2.58 0.11
-7.49 -4.80 3.56
-7.85 -6.89 10.45
-8.05 -4.17 4.17
-8.40 -5.41 3.53
-6.03 -2.55 -6.65
-9.74 -3.73 3.03
-6.65 -2.62 -0.46
-8.46 -3.34 0.87
-11.53 -3.52 8.35
-9.24 -1.86 6.16
-7.62 -2.87 9.20
-7.09 -4.11 5.53
-8.42 -2.71 -5.40
-11.50 0.06 1.51
-9.99 -3.30 1.05
-6.91 -1.73 3.25
-7.28 -3.51 2.29
-1.55 -2.02 9.39
-7.85 -5.36 4.40
-8.89 -3.03 0.06
-7.60 -2.42 -2.30
-9.19 -2.55 7.80
-10.30 -4.18 5.93
-6.62 -3.68 5.40
-5.68 -1.77 10.82
-7.99 -6.50 4.85
-9.34 -5.56 -0.37
-9.48 -2.78 -2.56
-8.63 -4.76 -0.23
-9.84 -1.98 1.65
-6.30 -1.60 0.97
-8.27 -2.81 4.94
-6.24 -5.31 4.93
-9.02 -2.74 -0.71
-10.88 -0.69 -2.11
-8.15 -3.42 -0.72
-8.19 -1.97 1.37
-6.49 -2.59 5.14
-8.44 -1.44 4.82
-8.56 -5.53 2.44
-7.04 -6.65 1.79
-9.83 -3.84 -4.48
-7.36 -2.92 0.67
-15.23 -6.25 4.31
-6.83 -2.68 -1.84
-4.94 -2.15 9.44
-6.43 -4.65 6.61
-9.06 -6.61 1.47
-19.61 -5.70 3.27
-10.70 -5.04 5.33
-8.59 -3.47 0.26
-12.79 -7.17 14.56
-4.73 -8.39 8.62
-4.76 -1.19 8.96
-7.36 -5.79 6.23
-10.34 -3.57 -1.03
-13.16 1.28 -1.19
-4.41 -7.19 1.77
-10.75 -3.55 5.98
-11.30 -3.54 8.14
-6.61 -2.33 11.48
-4.23 -5.45 8.83
-8.59 -2.74 -1.02
-7.64 -2.52 -5.47
-11.95 -3.37 0.24
-9.00 -2.95 -1.99
-7.77 -3.40 -1.85
-8.92 -3.70 5.11
-6.71 -5.57 2.89
-4.17 -6.64 6.72
-8.58 -5.12 -7.14
-9.48 -3.44 -4.12
-9.47 -3.67 -0.41
-8.33 -3.66 2.20
-8.51 -3.68 1.82
-5.51 -1.11 4.06
-4.28 -1.43 9.10
-4.51 -5.33 8.89
-6.79 -6.65 5.59
-7.96 -6.01 -2.20
-10.32 -4.04 5.65
-7.30 -8.11 6.75
-7.53 -2.54 6.66
-8.98 -3.55 7.28
-7.37 -4.81 8.07
-7.95 -3.75 7.67
-7.75 -4.39 5.05
-10.28 -2.43 -2.66
-7.12 -4.61 4.31
-9.01 -3.94 6.17
-6.98 -2.79 4.88
-6.31 0.29 5.54
-4.74 -1.48 11.53
-3.46 -4.66 9.71
-5.68 -5.84 7.45
-10.24 -1.68 0.47
-7.05 -2.19 5.42
-9.35 -3.04 6.64
-8.62 -2.53 5.75
-8.10 -4.66 4.72
-7.08 -6.18 8.52
-5.60 -4.59 7.97
-4.23 -7.45 7.98
-5.51 -7.91 4.58
-9.70 -3.43 2.22
-6.88 -3.36 3.95
-7.94 -1.61 6.42
-7.25 -5.83 -0.40
-3.55 -8.01 9.74
-4.93 -2.87 9.13
-5.67 -5.25 9.06
-7.62 -1.15 1.68
-7.81 -1.25 0.92
-6.35 -6.79 5.32
-7.28 -2.53 4.52
-6.16 -1.15 13.71
-4.89 -3.31 8.67
-6.85 -5.23 7.01
-8.32 -3.06 5.17
-10.50 -2.56 -3.11
-8.18 -1.96 7.68
-8.50 -0.25 5.87
-8.47 -3.72 5.45
-7.70 -1.76 8.67
-7.33 -2.86 5.94
-9.61 -3.50 2.93
-10.22 -5.43 3.66
-10.39 -2.16 4.43
-10.88 -2.48 6.81
-10.76 -1.81 7.37
-9.84 -4.03 6.47
-7.25 -3.69 8.67
-7.41 -5.55 5.92
-10.13 -3.04 -1.60
-10.60 -2.19 -0.71
-9.78 -1.25 2.62
-9.23 1.26 3.49
-9.55 -2.60 1.44
-4.32 0.73 9.12
-6.96 -2.84 9.27
-8.66 -5.23 2.89
-8.72 -3.75 3.50
-7.50 -2.39 4.01
-10.10 -4.05 -2.67
-3.67 -4.68 6.88
-9.55 -0.64 7.63
-8.87 -3.61 4.47
-9.18 -1.62 3.36
-8.62 -3.19 2.93
-9.00 -3.14 1.70
-1.99 -14.24 -0.93
-8.83 -2.56 3.54
-6.84 -1.44 6.51
-6.44 -3.83 7.24
-8.67 -4.02 3.55
-9.00 -3.62 2.03
-6.79 -2.54 1.52
-10.33 -0.44 7.21
-8.14 -2.04 5.54
-8.56 -0.55 1.53
-10.01 -4.89 4.81
-8.22 -3.45 4.59
-5.13 -2.61 4.80
-9.93 -3.97 -4.98
-6.16 -3.68 7.37
-4.28 -1.45 10.33
-6.67 -7.33 4.38
-8.21 -1.64 -3.65
-10.83 -2.03 -2.24
-8.83 -3.12 -2.20
-8.72 -2.82 0.93
-6.68 -1.92 0.45
-7.73 -1.97 5.57
-4.63 -3.94 6.72
-6.82 -4.54 6.00
-8.62 -4.48 1.26
-15.95 -11.81 -1.21
-9.28 -2.13 -0.85
-9.16 -4.09 6.57
-8.05 -2.54 3.76
-7.20 -0.25 7.60
-3.15 -2.96 6.74
-3.19 -4.53 10.91
-6.05 -3.76 6.24
-9.40 -2.32 2.48
-10.37 0.78 -1.53
-8.34 -6.55 2.86
-9.48 -1.73 5.09
-10.11 -2.97 5.02
-9.62 -2.17 5.14
-8.38 -3.30 4.70
-6.09 -2.15 7.27
-8.32 -2.83 7.09
-9.22 -4.52 3.32
-9.49 -1.49 -1.49
-11.55 -3.24 3.28
-9.40 -2.54 1.72
-9.47 -3.03 2.58
-6.99 -3.61 4.26
-2.21 0.48 7.48
-7.84 -4.67 5.27
-10.21 -4.61 -0.83
-9.07 -0.83 -2.77
-8.41 -1.64 8.89
-7.48 -2.55 3.24
-8.98 -4.36 4.80
-6.98 -2.60 9.41
-8.96 -4.20 3.55
-7.08 -4.36 4.31
-7.65 -4.83 2.10
-10.50 -3.74 -0.41