4.87 -7.42 -2.76
4.86 -8.00 -3.23
4.60 -7.53 -3.23
4.94 -7.68 -4.03
5.59 -7.16 -2.02
5.99 -6.42 -3.88
5.63 -7.30 -2.05
4.12 -7.29 -2.60
4.15 -5.70 -2.66
4.93 -7.17 -0.16
5.72 -7.80 -2.43
5.05 -8.87 -6.00
2.58 -5.10 -2.86
5.45 -8.04 -3.62
4.27 -7.75 -2.49
4.29 -8.38 -0.40
4.81 -9.36 -2.18
3.88 -7.60 -1.25
5.69 -5.84 -2.63
4.42 -8.55 1.11
5.31 -7.96 -0.10
5.41 -11.10 -4.44
4.28 -8.33 -1.22
6.67 -10.49 -1.66
4.87 -8.54 -0.20
4.78 -8.27 1.19
5.84 -9.04 0.95
4.75 -9.20 -1.48
2.99 -6.03 -3.07
4.69 -7.92 -1.97
3.84 -7.64 -2.38
4.04 -8.66 -2.85
3.51 -9.22 -1.28
3.30 -8.14 -0.76
2.55 -9.85 -2.20
1.27 -5.92 -2.71
5.10 -7.89 -1.87
2.72 -7.55 1.93
6.23 -10.16 -1.65
4.53 -10.63 -4.42
4.10 -7.18 -2.02
4.72 -9.23 -1.85
4.28 -8.04 0.37
5.54 -7.78 -1.27
5.65 -8.49 0.28
5.18 -7.52 0.36
6.25 -10.47 -0.70
2.76 -9.02 -3.03
4.63 -8.11 -0.34
4.51 -8.78 1.18
6.18 -10.55 -1.51
2.45 -5.57 -2.43
5.20 -8.52 -1.50
4.36 -8.17 -0.77
6.46 -8.47 -1.20
5.41 -8.95 -0.23
6.07 -9.37 -0.90
3.84 -8.37 -1.48
5.53 -9.13 0.34
2.90 -7.39 0.75
4.87 -8.18 -2.05
4.60 -6.77 -1.35
3.80 -9.68 1.42
6.38 -9.44 -1.71
4.01 -7.98 -2.69
4.49 -7.79 -2.50
6.32 -7.86 -0.71
4.95 -8.00 -4.55
2.73 -7.15 -3.55
3.50 -9.01 -3.27
2.55 -8.33 -2.86
4.53 -11.21 -4.92
0.67 -5.45 -1.92
2.98 -10.72 -2.87
6.59 -5.89 1.70
7.37 -10.30 0.17
2.81 -6.30 2.05
7.02 -8.00 2.67
5.94 -5.75 3.41
7.06 -10.08 0.94
4.61 -6.70 -0.39
4.95 -7.55 -0.96
6.93 -8.71 0.01
5.78 -8.49 1.72
6.19 -7.61 2.40
6.41 -11.15 -1.30
3.73 -6.71 -0.65
5.41 -8.37 1.86
5.02 -7.23 1.48
8.24 -11.79 -1.65
4.07 -6.61 -0.69
9.26 -8.76 1.76
5.41 -6.05 2.55
9.36 -12.22 -2.09
2.68 -5.75 -0.56
6.49 -8.33 1.75
4.40 -6.65 2.04
6.80 -11.21 -2.11
3.36 -6.41 -0.79
8.10 -8.29 2.19
5.77 -6.54 1.43
5.98 -7.70 -3.93
3.73 -6.36 -2.57
5.15 -7.78 -0.95
3.84 -8.90 0.16
4.64 -7.43 1.56
4.97 -8.36 2.10
6.75 -8.92 1.16
5.11 -8.92 -0.19
4.87 -7.57 -0.29
5.74 -10.21 1.04
7.47 -8.82 0.22
4.54 -9.39 -1.29
5.57 -7.86 -1.82
5.12 -7.34 0.29
6.28 -7.64 -0.50
5.71 -7.36 -0.10
5.12 -7.51 2.65
5.40 -8.10 2.28
6.10 -10.85 -1.86
2.93 -5.80 -0.84
4.35 -9.62 0.63
4.96 -8.45 0.76
3.66 -6.24 -2.30
4.45 -8.21 -1.24
4.10 -6.39 2.09
4.84 -6.93 1.95
5.00 -8.74 0.29
4.88 -8.52 -4.75
4.51 -7.14 -2.02
7.69 -7.63 -2.77
4.28 -8.19 -0.20
3.84 -9.51 -3.44
2.44 -6.24 -2.14
4.47 -8.55 -1.12
3.30 -7.25 1.25
3.99 -7.91 0.85
6.24 -9.89 -4.06
3.67 -7.99 -5.26
4.03 -8.19 -2.02
2.98 -8.74 -0.33
2.54 -8.00 0.03
4.01 -11.96 -4.36
1.83 -8.03 -1.38
2.23 -9.94 -1.59
2.52 -8.97 -1.14
2.94 -9.29 -0.32
2.41 -8.89 1.03
2.81 -9.09 0.47
3.60 -11.32 -4.05
2.61 -7.45 -1.49
2.76 -9.97 0.07
1.95 -8.25 -0.03
4.15 -11.52 -5.49
2.36 -7.87 -2.08
4.43 -10.13 -1.16
4.20 -10.10 -1.52
3.06 -9.22 0.10
2.67 -9.85 -1.03
2.43 -6.99 -1.88
3.79 -8.49 -1.65
2.86 -9.26 0.82
4.00 -8.52 -0.34
3.64 -8.24 -1.69
3.79 -8.72 -1.49
6.19 -10.81 0.07
5.05 -10.13 1.28
5.56 -9.76 -1.58
4.40 -9.70 -3.76
4.34 -8.61 -1.41
4.12 -7.94 0.17
3.92 -7.87 -0.33
4.53 -8.66 0.11
4.49 -10.74 -3.50
2.98 -6.07 -2.59
6.44 -9.68 -0.35
3.32 -7.54 1.02
5.66 -10.72 -2.04
2.32 -5.50 -3.15
4.74 -8.71 -0.85
3.29 -8.43 1.41
4.85 -8.83 1.39
4.93 -8.16 0.48
4.95 -9.29 -0.89
3.08 -6.26 -1.36
5.01 -8.66 -1.00
5.05 -10.03 1.33
4.81 -7.79 -1.28
4.25 -9.12 -4.82
3.45 -7.55 -1.66
4.37 -9.73 -0.70
4.43 -9.00 -0.12
4.15 -8.12 -0.34
4.90 -9.81 -2.22
4.10 -9.00 -4.35
3.60 -7.05 -2.45
2.66 -8.98 -0.40
2.79 -9.43 -1.10
2.55 -9.68 -6.11
2.66 -8.10 -2.88
5.27 -10.05 -5.63
4.23 -10.91 -2.54
2.37 -7.60 0.50
2.44 -10.97 -2.78
2.49 -8.46 -3.01
4.43 -11.41 2.55
3.46 -7.78 7.69
8.50 -6.22 3.87
11.21 -8.66 3.53
6.56 -5.10 2.15
8.26 -5.11 2.58
8.20 -9.34 3.60
8.76 -5.39 3.35
8.39 -6.98 1.63
4.71 -7.31 1.91
7.70 -7.36 2.60
8.46 -8.96 3.39
8.74 -6.31 3.24
11.47 -15.37 -1.08
3.70 -5.32 1.76
7.02 -6.35 3.32
6.17 -6.80 2.40
6.51 -5.89 3.42
10.21 -9.38 0.62
5.97 -7.99 0.87
5.96 -5.66 2.02
6.67 -5.40 2.62
9.34 -8.06 0.06
6.73 -8.04 0.40
7.35 -7.71 0.25
5.69 -3.68 1.55
7.76 -4.12 2.99
7.23 -6.30 3.06
9.69 -8.59 0.92
4.42 -5.83 1.42
6.67 -7.10 1.79
6.35 -6.54 2.92
7.74 -8.37 0.96
4.53 -7.52 -0.11
6.62 -7.13 0.92
4.82 -5.28 2.49
6.96 -6.72 2.71
7.47 -6.43 2.41
9.40 -8.61 1.59
5.13 -6.91 -0.49
5.85 -6.39 1.79
8.55 -9.67 2.48
8.57 -6.92 2.02
7.36 -7.56 -1.65
6.88 -6.01 0.34
6.16 -6.21 1.53
8.53 -4.71 2.90
7.03 -6.23 1.98
6.58 -9.10 -0.51
3.32 -8.64 0.70
13.39 -11.15 0.94
7.87 -6.89 0.94
10.36 -10.49 -3.33
4.78 -6.17 -0.55
9.35 -7.35 0.79
7.65 -8.02 -0.37
7.76 -6.73 0.80
7.21 -6.79 1.56
8.74 -5.62 3.41
10.16 -11.98 -0.83
3.78 -5.31 0.23
8.95 -5.36 2.11
5.86 -4.78 2.48
8.37 -6.97 -0.07
4.58 -6.59 -1.07
8.06 -6.99 1.24
8.03 -7.52 -0.33
6.92 -6.83 1.51
8.40 -8.49 -0.64
8.29 -7.22 -1.69
6.61 -6.83 0.83
8.89 -8.11 0.81
7.55 -7.87 -1.08
6.18 -7.74 -1.26
5.11 -6.15 2.07
5.72 -8.95 0.79
7.47 -7.12 1.20
6.13 -6.71 0.43
7.05 -6.82 0.84
8.48 -6.80 2.11
6.51 -5.62 2.55
7.49 -6.76 1.94
7.06 -8.27 -2.29
4.74 -5.45 -0.83
6.88 -6.56 3.71
6.34 -4.70 1.33
10.86 -11.55 -1.81
3.97 -4.69 0.09
10.03 -6.93 1.17
5.50 -5.87 1.36
7.40 -8.83 -3.74
4.59 -5.44 -1.55
7.31 -8.17 -0.70
9.45 -8.37 -3.77
6.49 -7.82 -0.18
8.25 -9.38 -5.60
3.60 -4.44 -4.19
7.11 -9.43 -5.12
4.13 -6.60 -4.41
4.02 -7.14 -10.45
0.69 -1.98 -5.67
3.60 -5.98 -7.01
2.76 -4.37 -6.25
3.59 -5.55 -10.12
1.14 -3.36 -5.79
2.98 -4.83 -7.49
3.48 -6.50 -7.35
3.28 -5.54 -6.60
3.23 -6.15 -6.27
3.60 -4.82 -9.49
1.23 -3.04 -5.97
2.82 -4.50 -5.28
2.83 -3.57 -6.50
1.92 -3.63 -8.90
2.01 -1.66 -6.02
3.90 -1.68 -8.69
3.28 -7.30 -2.78
3.16 -7.56 -0.26
8.94 -11.54 -1.03
8.52 -6.37 1.34
6.85 -4.19 1.76
10.06 -5.85 5.59
5.83 -3.21 3.47
11.80 -8.82 0.33
4.03 -3.72 1.16
9.20 -6.12 4.53
5.91 -4.35 2.92
10.07 -8.92 0.46
4.86 -7.14 1.97
8.95 -8.97 0.98
6.61 -11.16 1.93
2.30 -7.87 0.41
1.05 -9.99 0.33
2.04 -10.53 -4.46
0.28 -5.14 -1.71
1.61 -8.52 3.80
0.47 -10.57 3.12
2.18 -10.17 2.51
1.51 -5.41 0.88
3.37 -7.86 2.70
4.07 -11.27 1.73
3.48 -10.55 0.96
3.49 -6.34 -0.54
5.45 -8.20 1.19
7.29 -6.45 4.94
8.77 -4.86 6.13
10.25 -12.29 3.45
4.74 -4.13 3.37
9.20 -6.04 4.07
9.05 -5.67 4.75
10.86 -4.37 2.21
8.80 -4.59 3.47
8.75 -5.70 6.24
8.86 -3.36 6.94
11.47 -5.27 7.04
7.08 -2.45 2.65
10.57 -3.24 3.34
8.02 -2.24 6.52
7.02 -5.25 5.19
12.71 -3.80 4.19
6.61 -3.20 2.88
13.38 -2.88 0.89
7.03 -2.17 5.21
11.52 -6.23 3.42
7.12 -2.55 3.60
9.54 -2.63 5.63
6.27 -3.43 4.98
13.28 -4.26 3.80
6.76 -4.15 2.86
12.68 -0.85 2.77
10.40 -2.72 4.43
8.09 -3.94 5.03
7.95 -4.21 4.90
11.54 -6.17 4.22
7.26 -3.48 3.21
8.18 -4.41 4.30
8.37 -4.33 4.74
11.83 -3.14 2.43
7.80 -4.41 2.10
9.86 -4.44 4.53
7.41 -4.13 4.78
11.20 -8.35 2.57
5.25 -4.59 2.37
7.76 -6.02 2.40
6.23 -2.28 2.68
8.15 -3.34 3.57
8.29 -5.02 4.32
7.97 -3.74 5.34
8.92 -6.10 3.33
8.33 -5.61 2.63
7.28 -5.50 3.17
7.68 -5.87 4.00
8.90 -6.19 3.51
9.20 -5.01 3.03
7.71 -4.73 2.22
8.20 -6.52 4.75
8.56 -5.16 4.41
13.56 -8.30 0.99
5.32 -3.44 1.47
8.32 -6.89 1.73
6.72 -4.75 3.74
6.89 -5.77 3.91
6.96 -6.75 3.16
9.69 -11.35 2.30
3.83 -5.89 1.18
9.57 -9.33 3.19
5.71 -7.57 3.91
6.92 -8.33 2.47
4.56 -7.57 0.27
4.18 -7.47 1.20
5.55 -10.18 3.21
6.40 -8.58 2.16
4.82 -9.42 -1.15
4.40 -6.57 1.01
6.83 -8.76 0.81
6.34 -10.08 0.92
5.82 -7.51 1.65
5.96 -7.10 2.61
5.65 -6.95 3.48
5.44 -7.29 3.18
6.72 -9.24 0.12
3.27 -5.58 0.85
6.26 -8.78 1.20
4.59 -8.16 1.32
6.02 -6.93 2.25
6.40 -9.26 2.10
5.57 -6.71 3.98
5.83 -7.98 1.98
5.42 -8.74 -1.09
4.16 -7.81 -1.74
3.02 -6.63 0.80
4.94 -7.71 0.55
5.84 -10.79 -0.81
5.56 -9.09 -0.39
3.42 -7.52 0.52
9.69 -13.43 -4.33
1.80 -5.34 -0.62
5.01 -9.40 -1.88
5.50 -8.61 -1.02
4.31 -8.41 -0.34
6.39 -7.10 2.66
6.53 -4.08 3.70
9.13 -13.41 2.31
12.21 -7.52 2.56
8.00 -4.36 2.35
11.64 -2.80 2.44
10.48 -5.35 2.16
8.59 -3.34 4.10
7.89 -1.26 6.31
8.36 -2.85 3.45
13.07 -3.81 3.28
11.22 -0.97 1.30
13.28 0.41 2.24
12.05 -4.38 3.17
7.48 -3.12 3.34
9.74 -7.56 2.21
9.89 -8.93 -1.60
3.13 -5.44 -0.54
5.09 -7.27 -1.95
8.33 -7.82 -2.12
5.54 -6.14 1.86
6.06 -7.16 2.24
5.99 -8.13 2.22
5.99 -7.91 -1.07
3.87 -6.11 -0.51
8.45 -10.31 -0.19
6.45 -8.19 0.74
8.33 -10.09 -2.51
4.88 -6.54 -0.81
5.30 -7.43 -1.21
6.17 -6.45 1.17
5.91 -7.13 0.61
6.00 -7.16 0.17
6.94 -7.86 -1.52
9.07 -8.91 -3.15
5.57 -5.56 -1.38
6.94 -8.69 0.53
7.71 -7.71 -0.15
7.89 -8.51 -3.51
4.40 -4.81 -1.83
6.33 -6.67 -1.73
5.58 -6.72 0.45
7.87 -7.68 -1.45
6.95 -7.61 0.32
5.62 -7.85 0.85
7.76 -8.13 -2.74
3.94 -4.31 -2.26
7.41 -8.40 -0.21
5.01 -5.77 -0.45
7.34 -9.52 -2.30
5.02 -6.52 -3.48
6.96 -8.19 -1.42
5.81 -5.38 -0.91
7.08 -8.44 -0.26
6.47 -7.11 0.51
5.48 -8.08 -0.51
6.14 -7.84 -1.47
4.59 -5.59 -1.67
7.31 -10.07 2.26
6.79 -8.02 -1.02
4.57 -9.79 -1.79
3.18 -7.03 -2.55
2.66 -8.20 1.20
5.97 -9.55 4.75
9.05 1.35 6.06
7.94 -2.53 5.35
8.76 -0.83 5.44
12.57 -3.65 3.61
8.87 -1.53 2.55
7.72 -3.47 6.79
8.69 -2.13 6.25
10.14 0.38 3.66
7.99 -1.46 1.24
12.47 -2.41 0.39
9.78 -1.36 4.39
9.69 -2.00 4.93
7.64 -2.08 5.13
14.08 -4.38 4.22
7.79 -1.99 1.54
12.01 -0.73 0.86
7.15 -1.68 6.36
10.20 -2.69 2.69
7.82 -2.66 1.77
9.99 -2.19 2.27
6.96 -2.33 3.93
10.33 -3.92 3.68
8.11 -3.75 3.84
7.51 -6.69 0.63
5.80 -5.58 -4.36
5.60 -5.83 -2.45
4.13 -7.96 0.09
8.65 -7.59 -1.22
5.89 -9.65 -0.90
4.34 -9.26 0.01
4.37 -7.95 -0.22
3.39 -9.19 1.93
6.16 -9.47 1.03
4.13 -8.62 3.76
0.88 -8.25 5.28
-1.90 -11.35 8.49
-2.77 -5.26 5.26
-0.55 -4.49 8.98
0.80 -6.68 7.97
0.51 -10.85 8.41
-0.04 -9.57 4.89
1.39 -8.62 3.83
2.95 -7.53 5.05
3.38 -7.71 5.77
3.68 -8.61 4.08
3.75 -8.75 2.76
6.88 -10.53 -0.73
3.97 -8.04 0.26
3.79 -10.16 2.09
3.47 -9.12 2.95
3.84 -8.53 1.48
4.73 -7.98 -1.23
5.78 -8.45 1.42
7.26 -12.23 2.11
5.07 -10.80 2.61
4.68 -8.74 2.28
3.46 -9.17 2.00
6.30 -10.79 -0.40
3.03 -6.45 -0.49
4.72 -8.84 1.32
2.47 -6.91 2.55
3.85 -8.57 1.49
4.48 -11.28 -1.76
4.01 -8.90 0.01
6.29 -10.13 1.34
4.06 -6.01 3.06
8.45 -9.01 4.00
8.56 -5.84 5.72
8.85 -2.76 3.84
9.87 -2.70 4.96
7.82 -3.86 5.51
8.13 -2.20 4.65
11.94 -3.07 2.06
9.09 -0.75 1.90
10.69 -0.60 2.95
9.59 -3.26 6.34
7.38 -3.58 5.32
6.23 -7.97 1.74
5.65 -6.45 -0.15
8.11 -7.36 0.84
6.94 -10.32 0.15
7.47 -8.14 4.81
9.64 -12.20 2.69
4.09 -4.98 0.99
8.91 -8.00 3.98
8.73 -8.89 5.30
8.30 -6.81 5.28
7.12 -7.02 4.92
9.21 -7.08 2.16
5.23 -7.16 1.78
9.20 -8.37 2.89
7.07 -8.29 3.20
7.93 -5.13 3.80
8.02 -5.34 5.34
7.19 -3.13 5.61
9.59 -5.74 3.90
7.61 -5.72 4.23
8.85 -4.23 4.92
5.71 -3.21 6.52
9.42 -5.02 5.32
8.24 -4.31 4.49
8.14 -3.27 3.17
11.64 -2.82 5.35
8.78 -2.83 5.39
8.37 -3.26 5.73
8.95 -5.42 4.55
8.18 -6.11 3.76
7.44 -5.63 3.68
7.91 -6.48 6.79
7.57 -5.74 3.62
8.01 -3.79 3.10
7.66 -1.55 5.83
9.55 -2.02 5.46
7.39 -0.58 4.50
14.93 -0.41 4.85
9.01 -1.84 1.84
11.07 0.10 3.81
7.25 -1.83 5.65
13.30 -2.44 6.93
6.57 -1.66 1.67
10.10 1.52 4.28
9.13 -3.13 4.64
10.67 -6.16 1.62
3.96 -5.47 0.31
6.62 -7.88 1.15
5.24 -7.08 3.74
5.96 -9.86 1.03
4.94 -8.10 -0.79
6.01 -8.53 1.69
5.77 -7.02 4.02
5.28 -9.68 0.36
4.94 -7.66 -0.48
6.41 -8.79 2.52
7.96 -9.40 0.73
5.31 -10.37 -2.84
1.02 -3.53 0.99
7.90 -9.75 1.31
3.74 -8.47 -1.36
3.28 -6.29 -2.42
5.83 -10.24 -1.53
1.32 -4.58 1.42
7.31 -9.55 0.03
6.19 -6.20 3.65
11.76 -8.57 5.24
5.09 -1.67 2.79
12.42 -3.93 5.21
5.44 -3.08 4.57
13.83 -7.56 6.11
6.16 -3.44 2.88
13.30 -2.73 4.43
8.19 -6.76 5.83
6.56 -5.25 4.99
8.14 -5.64 2.80
5.67 -5.53 3.89
8.14 -4.00 6.45
8.16 -4.82 3.96
8.44 -1.87 5.07
7.09 -1.44 4.59
10.24 0.08 1.11
9.15 -1.85 3.05
7.92 -4.77 4.59
4.16 -5.32 3.78
5.12 -12.26 -0.16
2.69 -7.41 1.18
1.94 -8.94 5.77
0.32 -4.49 7.63
1.95 -10.05 6.60
1.44 -8.73 3.29
3.87 -10.89 3.65
4.35 -8.10 3.92
4.98 -9.99 2.99
3.76 -7.39 3.57
5.17 -9.35 1.69
3.76 -6.43 1.71
6.85 -7.39 0.90
5.40 -7.25 0.69
3.49 -6.65 -0.92
3.18 -4.74 0.34
6.24 -7.60 2.49
6.34 -8.31 3.11
6.63 -7.49 1.20
5.02 -6.94 2.38
5.38 -10.10 -0.85
4.17 -5.20 0.34
11.56 -7.73 5.12
6.81 -2.84 5.40
9.91 -5.58 3.05
7.58 -5.42 3.68
10.29 -3.41 3.59
8.06 -3.52 4.58
8.19 -2.47 4.36
7.30 -3.71 5.02
11.47 -3.42 3.26
5.38 -3.16 2.99
8.92 -3.08 8.07
7.00 -2.34 5.10
8.98 -4.36 3.60
7.76 -4.07 3.47
10.38 -3.28 3.93
7.81 -1.81 4.30
7.28 -1.54 5.60
8.67 -2.39 5.00
11.68 -1.53 6.14
11.00 -1.60 1.62
8.65 -2.17 5.85
7.92 -1.86 4.27
15.34 -4.19 5.55
10.41 -3.95 2.30
11.21 -5.79 0.91
5.09 -6.41 0.45
4.47 -6.58 1.22
4.82 -7.99 -5.90
2.13 -5.49 -2.73
5.01 -8.21 -5.51
2.86 -8.25 -1.02
1.84 -8.38 -4.61
0.32 -5.77 -3.34
2.75 -8.37 -3.47
2.32 -7.38 -1.15
2.99 -8.50 -1.72
3.10 -8.89 -0.15
5.51 -13.79 -2.75
1.52 -4.87 0.31
5.47 -8.10 3.00
4.51 -8.48 6.17
3.75 -9.07 4.98
3.67 -8.04 3.15
6.09 -9.77 3.50
3.10 -5.52 3.83
5.52 -7.90 6.48
6.18 -6.48 5.70
8.04 -11.68 5.76
3.26 -5.62 3.35
8.25 -7.83 6.25
5.63 -5.18 5.99
6.29 -6.50 5.14
5.82 -6.54 4.43
6.80 -7.38 3.99
8.55 -5.09 5.21
9.49 -4.47 4.90
7.64 -4.53 5.94
7.08 -5.10 4.98
7.38 -8.80 4.10
5.43 -6.53 2.69
7.86 -8.89 4.91
5.75 -8.10 4.95
6.31 -9.35 3.87
5.61 -7.91 1.18
6.27 -8.02 1.23
3.48 -6.70 2.36
7.05 -7.23 3.84
5.99 -6.55 2.76
6.00 -9.06 -3.08
3.44 -5.22 0.33
7.71 -8.45 1.46
3.83 -6.48 0.99
4.52 -9.46 -0.48
3.55 -6.64 -0.61
5.35 -9.35 -0.96
2.99 -8.10 0.62
1.32 -10.57 -0.80
3.52 -8.84 -1.23
3.98 -9.91 -3.81
2.79 -6.75 -0.53
4.36 -9.07 4.20
5.81 -7.04 4.86
6.95 -6.09 4.71
6.26 -6.03 4.13
11.28 -2.54 6.50
6.58 -1.48 7.21
8.14 -2.08 8.41
11.21 -4.54 7.82
6.68 -3.75 5.34
8.05 0.77 6.29
6.55 -0.95 7.68
11.84 -2.21 2.47
6.90 -5.82 2.46
10.68 -5.15 3.40
6.00 -7.40 2.69
4.90 -8.84 2.13
3.34 -6.99 2.70
5.70 -16.56 -3.47
1.73 -4.76 -0.72
5.54 -8.29 1.07
3.68 -7.53 3.11
7.52 -15.05 1.94
2.26 -6.71 -0.83
4.50 -8.91 0.58
2.36 -8.07 3.15
5.77 -6.89 -0.79
4.81 -9.88 0.30
5.78 -11.89 0.00
2.03 -5.95 -0.33
8.69 -9.90 -2.82
3.29 -8.29 1.88
2.90 -8.39 -2.02
1.28 -7.19 -2.38
3.55 -9.15 -2.69
1.94 -7.66 -0.57
2.83 -9.34 -0.12
2.97 -9.33 -0.41
3.11 -10.55 -2.14
0.95 -6.46 -2.36
2.44 -8.85 -3.16
1.24 -6.48 -1.28
3.23 -9.84 -0.20
3.33 -9.46 -0.22
3.38 -9.20 0.30
3.16 -9.15 0.84
4.75 -12.68 -0.22
1.22 -7.30 -1.59
3.42 -9.31 -0.71
2.21 -10.09 1.91
3.39 -8.83 0.47
3.06 -9.57 1.17
2.44 -8.77 1.17
3.71 -12.40 -2.83
0.86 -6.49 -0.43
2.63 -9.14 -1.01
2.37 -7.94 0.06
3.79 -8.87 1.08
4.31 -9.60 2.12
3.90 -9.57 0.90
2.99 -10.35 -1.75
4.19 -10.23 -1.23
3.12 -9.30 -1.33
2.95 -8.43 1.34
3.68 -9.31 1.09
4.02 -8.38 1.83
4.23 -9.50 0.39
3.00 -10.40 -2.26
3.88 -8.57 -0.87
5.57 -11.92 1.20
3.67 -7.27 2.10
7.30 -13.26 -1.01
1.99 -6.25 0.11
5.19 -10.25 -0.90
4.28 -9.31 1.68
4.39 -9.30 0.81
3.69 -8.77 1.19
1.16 -9.63 -0.00
2.36 -8.09 -0.19
6.32 -12.54 1.29
5.43 -8.36 2.85
4.87 -11.24 2.36
2.01 -7.01 0.37
4.92 -8.58 0.30
4.25 -7.78 3.70
5.11 -8.62 -0.02
5.62 -10.12 -3.32
4.18 -8.42 0.63
4.93 -8.61 0.88
6.42 -9.73 2.20
5.61 -7.66 3.61
4.21 -8.57 1.66
5.52 -14.07 1.01
4.53 -6.33 -0.54
5.17 -8.89 2.14
4.31 -8.41 0.03
4.79 -9.70 -2.04
4.37 -6.70 1.82
5.38 -8.12 3.56
5.15 -10.55 0.00
2.34 -5.25 -2.24
8.12 -9.09 -2.25
4.98 -9.68 -0.13
5.25 -6.55 1.29
4.88 -8.02 0.68
6.18 -9.42 0.10
2.98 -5.51 -0.15
6.67 -7.90 2.62
4.42 -6.27 2.53
5.46 -7.13 2.68
6.98 -9.29 -1.37
4.83 -6.55 -1.25
5.75 -9.53 0.81
5.48 -8.25 1.84
6.32 -6.98 1.57
5.98 -7.49 1.86
5.64 -11.51 1.18
3.66 -8.73 -1.29
5.54 -7.56 0.21
4.94 -8.70 1.07
4.51 -8.56 1.55
7.69 -10.39 -1.25
3.74 -6.39 -1.65
5.64 -7.37 -0.26
6.85 -9.38 0.51
5.12 -8.13 0.94
5.14 -7.45 2.16
6.23 -7.78 2.38
6.54 -8.88 1.19
8.58 -10.90 -0.48
4.92 -5.81 -1.15
4.90 -7.25 2.49
5.18 -7.50 1.40
6.37 -7.39 1.43
6.02 -10.74 -0.30
4.35 -7.95 0.17
7.00 -9.16 0.30
7.01 -11.44 2.91
6.72 -6.61 0.56
6.03 -8.56 2.50
7.36 -10.17 -1.31
2.97 -5.28 -0.68
6.34 -7.71 -0.52
6.38 -11.10 2.90
5.54 -7.99 1.36
5.26 -8.20 1.46
5.83 -10.25 -2.14
3.33 -6.58 -1.27
5.31 -7.97 -1.16
5.88 -6.97 -2.35
5.20 -8.27 -0.23
5.01 -7.08 0.71
5.92 -8.22 2.01
4.88 -7.94 1.05
5.45 -9.15 -1.11
2.51 -4.47 -0.76
6.04 -8.88 0.30
5.22 -9.66 -0.50
3.69 -7.66 0.02
4.55 -8.46 0.75
4.67 -8.69 0.76
4.49 -9.06 -0.78
4.25 -10.34 -1.11
4.76 -7.60 1.34
6.90 -10.94 4.50
5.46 -7.37 -1.11
5.04 -10.00 -3.94
3.70 -8.36 0.31
4.45 -8.20 -0.41
3.20 -7.68 0.65
4.78 -6.78 -0.94
5.04 -8.01 2.05
5.98 -9.37 1.56
4.10 -9.45 1.12
3.44 -7.97 -1.08
6.74 -7.41 0.33
7.19 -8.83 5.22
6.23 -7.87 -0.43
8.17 -11.40 -3.66
3.45 -6.81 -1.60
6.20 -8.10 -2.01
4.14 -9.63 2.40
6.81 -6.75 -0.94
5.76 -8.75 0.98
5.31 -10.99 -0.89
2.92 -5.80 -1.33
5.34 -8.53 1.76
4.54 -8.36 0.79
6.85 -10.54 -5.43
4.87 -6.86 -1.13
4.53 -8.25 -1.31
4.76 -9.56 1.74
6.17 -7.83 0.47
5.79 -7.66 1.08
7.19 -8.34 2.04
5.40 -7.54 1.23
4.54 -11.78 -0.78
2.60 -6.62 -1.27
6.40 -9.13 0.12
3.94 -8.74 2.69
4.46 -8.83 0.34
4.58 -8.74 -3.05
4.37 -7.97 -0.56
4.97 -9.12 -1.25
6.04 -9.72 -0.21
5.77 -7.71 -0.91
5.92 -7.77 1.05
5.66 -7.57 1.63
6.49 -8.09 2.43
6.10 -7.38 1.57
6.65 -13.00 -0.77
1.90 -6.97 -0.37
4.43 -7.88 0.79
6.09 -9.10 2.90
5.02 -8.46 0.31
4.93 -9.84 -3.21
4.15 -7.23 -0.91
4.54 -7.71 -0.42
5.25 -8.39 2.10
5.92 -8.28 1.27
6.04 -5.64 4.07
5.82 -7.86 2.77
4.52 -10.08 1.53
1.68 -5.92 -1.59
7.01 -8.87 0.42
6.73 -8.37 3.07
6.23 -8.12 -0.61
6.15 -10.09 -2.22
6.59 -8.57 -0.96
4.46 -7.16 -0.36
7.60 -9.44 0.57
9.02 -3.93 5.99
9.53 -0.72 6.43
10.11 -2.03 3.88
6.84 -3.43 3.30
10.47 -0.84 2.83
11.26 -3.22 6.13
8.44 -3.50 5.82
12.54 -0.05 3.21
8.19 -0.44 3.41
10.73 -0.38 1.22
8.81 -1.52 3.44
8.21 -0.69 4.81
8.32 -1.75 4.19
8.32 -3.78 6.74
14.10 -3.08 2.66
7.71 -0.23 2.04
11.93 -0.06 4.35
8.62 -0.73 3.08
8.39 -1.86 3.82
13.76 -1.07 2.56
6.05 -4.33 2.93
9.23 -2.36 2.15
9.60 -1.37 2.09
10.19 -0.74 3.14
8.36 -0.92 4.75
10.29 -2.12 2.68
10.44 -6.33 3.39
8.38 -2.23 3.25
13.43 -3.05 5.83
7.93 -1.33 4.14
8.15 -1.76 6.10
12.93 -2.85 3.57
7.30 -2.04 2.60
10.77 -1.70 2.67
10.42 -2.51 4.06
10.54 -1.80 4.97
8.99 -2.53 4.74
8.06 -2.65 6.02
11.56 -2.47 5.53
9.84 -0.85 1.59
9.47 -1.96 3.81
10.83 -2.32 6.18
8.37 -1.64 4.52
13.00 -4.46 3.29
6.49 -3.21 2.53
9.70 -1.66 1.54
8.77 -2.05 3.48
9.04 -0.32 4.59
8.95 -1.72 5.16
8.09 -2.33 5.44
13.95 -2.26 3.45
5.67 -4.93 3.70
10.71 -1.34 4.27
9.30 -0.68 6.19
7.94 -2.94 5.42
12.06 -3.33 2.22
9.75 -5.11 1.68
10.15 -3.91 1.54
7.37 -5.78 1.36
7.17 -6.10 0.10
7.68 -6.30 0.19
6.37 -8.14 -2.46
3.52 -5.64 -0.57
7.18 -8.66 -0.11
6.96 -9.84 -0.52
6.74 -8.43 1.01
9.74 -9.75 -1.59
4.64 -6.85 -1.49
5.60 -7.24 -1.22
5.02 -7.32 -0.11
4.73 -8.50 0.22
4.66 -8.53 -0.11
8.10 -7.88 -1.45
5.38 -4.64 -2.39
6.56 -7.23 -0.53
5.51 -5.62 1.13
6.88 -7.67 -0.44
8.41 -11.74 -2.96
4.82 -7.48 -0.38
5.61 -8.90 -0.18
6.35 -8.77 -0.10
6.01 -7.39 1.48
5.96 -7.63 1.71
6.11 -7.66 1.69
11.15 -11.64 3.45
4.23 -5.12 -0.81
7.84 -6.71 -0.39
6.11 -5.97 1.17
5.23 -6.64 1.43
6.26 -6.57 3.11
5.72 -8.08 2.04
10.54 -10.61 -1.17
3.22 -4.79 -0.84
7.68 -7.53 0.83
4.92 -6.98 2.02
5.19 -6.87 -0.48
4.91 -3.44 0.82
13.41 -7.20 1.85
11.31 -1.33 1.98
9.21 -1.62 5.44
8.72 -2.06 5.36
9.22 -2.28 4.28
11.17 -2.49 2.76
10.79 -1.06 2.08
10.43 -4.03 5.58
8.68 -2.75 5.24
14.40 0.65 7.21
7.52 -1.31 1.45
8.26 2.23 4.50
7.73 -2.58 4.53
7.87 -0.21 4.01
8.95 -1.88 5.09
12.22 -2.48 2.64
6.79 -3.86 3.12
9.33 -2.76 3.33
7.67 -1.18 4.79
8.77 -1.55 5.28
10.37 -2.24 5.35
8.19 -4.59 1.44
8.65 -5.24 1.13
10.70 -7.02 -0.21
5.74 -5.59 0.23
4.19 -7.51 0.17
5.32 -8.85 -2.66
7.04 -8.36 -6.13
4.83 -5.58 -2.00
6.27 -6.33 -2.52
6.54 -6.91 -0.10
6.42 -7.84 -2.17
7.08 -10.50 -4.28
3.27 -6.74 -1.12
7.07 -9.59 -4.00
6.81 -10.32 -1.01
5.59 -7.50 -2.26
4.39 -8.14 -0.61
4.70 -10.20 -4.41
2.48 -6.11 -2.35
5.39 -8.41 -0.76
5.31 -9.01 1.34
6.18 -7.71 -0.43
3.41 -9.91 -2.45
1.82 -4.68 -2.45
4.02 -8.32 -2.11
3.98 -7.45 1.44
5.15 -7.26 -0.17
5.41 -7.97 0.94
2.88 -8.54 -0.85
2.83 -7.05 -2.55
5.16 -7.99 -0.52
5.46 -8.21 1.13
5.47 -7.55 1.27
7.82 -11.58 0.15
2.95 -5.96 -0.87
4.58 -9.85 2.08
2.62 -8.55 3.31
4.24 -9.03 3.11
4.57 -8.84 3.57
5.92 -11.02 0.20
5.02 -7.80 0.32
4.45 -8.69 3.67
4.74 -7.61 1.55
5.49 -8.21 2.81
1.74 -6.00 -0.28
5.38 -9.41 -3.16
6.21 -8.17 -1.81
5.80 -8.34 0.00
5.21 -6.62 0.25
5.76 -7.82 2.35
5.26 -8.54 0.78
5.60 -12.30 -3.13
2.15 -5.60 -1.17
4.45 -9.39 -1.18
4.20 -10.30 -0.90
4.55 -8.69 1.19
4.42 -7.97 1.40
4.08 -7.91 2.09
4.63 -8.39 1.63
4.70 -10.34 -0.14
1.23 -5.50 -1.58
4.58 -9.03 -0.02
3.90 -9.15 0.13
3.91 -8.04 3.08
4.06 -8.04 0.88
5.13 -9.41 2.11
5.10 -9.65 0.94
4.84 -9.44 -2.38
4.25 -6.85 -1.13
4.17 -8.70 2.17
4.66 -6.40 0.68
4.86 -7.92 0.52
3.33 -11.47 -2.44
2.81 -8.07 0.47
4.11 -8.06 0.86
4.89 -8.01 -0.57
5.96 -7.86 1.56
5.86 -8.55 1.22
2.74 -10.95 -0.18
3.42 -7.25 0.27
7.36 -9.84 -0.58
3.94 -8.05 2.25
6.13 -11.41 -1.43
2.41 -6.61 -1.39
4.09 -8.47 -0.91
4.58 -8.18 -0.08
6.01 -10.46 0.52
4.69 -7.83 0.67
4.07 -8.38 1.63
7.78 -12.14 -1.49
4.22 -7.36 -2.54
4.55 -7.34 0.67
7.48 -9.92 2.91
5.87 -6.76 0.78
3.21 -10.35 -2.00
-0.95 -6.30 4.78
4.78 -7.31 -1.09
3.77 -6.74 0.04
6.19 -7.69 0.50
6.98 -7.63 2.89
5.83 -9.30 0.82
2.84 -9.71 -2.48
3.22 -7.51 1.43
4.20 -5.89 -0.02
4.35 -7.49 0.03
5.63 -7.38 0.23
6.52 -8.33 1.39
5.50 -8.03 1.62
5.78 -8.32 1.61
5.17 -8.68 -0.19
6.14 -9.47 -2.83
4.43 -7.65 -0.65
5.43 -9.04 0.34
5.09 -7.82 0.46
5.45 -7.70 -0.38
5.55 -8.63 0.68
5.75 -7.81 0.28
4.70 -6.79 1.39
8.69 -10.52 0.62
5.87 -11.70 -2.37
2.69 -7.30 0.36
3.45 -7.82 -1.83
3.96 -8.19 -0.76
4.43 -7.44 -0.73
4.47 -8.31 0.99
4.61 -8.30 1.22
3.91 -8.78 -0.47
4.37 -8.60 -3.80
4.01 -6.74 -2.99
6.07 -8.44 -4.02
4.69 -7.18 -2.32
6.07 -7.18 -1.91
7.02 -7.98 0.32
6.57 -6.26 0.36
7.15 -7.95 0.38
5.65 -10.89 -3.01
5.56 -7.74 -3.15
5.24 -7.67 -3.94
4.71 -7.02 -3.47
5.65 -5.36 -3.24
6.89 -7.39 -4.15
6.53 -7.06 -1.73
5.61 -7.24 -2.54
6.80 -6.98 -7.47
3.17 -4.54 -3.91
4.08 -5.64 -4.03
6.27 -7.00 -6.62
5.21 -7.04 -5.55
5.02 -6.32 -5.09
5.50 -6.36 -3.52
5.92 -6.88 -3.21
5.30 -6.56 -3.01
5.37 -6.85 -8.96
2.75 -3.80 -2.88
5.43 -5.81 -6.02
4.56 -5.80 -5.14
5.00 -5.53 -6.90
4.72 -7.11 -4.35
5.06 -8.49 -1.86
4.58 -7.69 -1.17
4.67 -8.83 -0.04
9.18 -9.48 -5.32
2.98 -6.13 -2.44
5.72 -8.39 -2.14
4.34 -8.32 -0.25
5.41 -7.48 -3.96
4.83 -8.05 -2.92
3.76 -9.36 -3.29
3.54 -7.52 -3.79
3.38 -7.78 -3.86
5.83 -8.39 -11.10
0.64 -2.89 -4.98
3.57 -5.44 -8.04
2.36 -5.27 -6.89
2.54 -5.40 -5.66
1.91 -5.90 -5.87
2.36 -6.31 -6.04
2.11 -6.46 -5.62
1.90 -6.84 -5.01
2.06 -6.39 -6.51
2.61 -3.94 -9.15
2.11 -5.58 -7.10
2.16 -6.18 -6.75
2.94 -5.71 -7.69
2.21 -5.33 -7.25
2.92 -6.49 -6.03
2.94 -6.50 -5.69
3.05 -6.90 -4.52
6.36 -7.94 -12.79
0.57 -1.39 -5.12
5.66 -5.80 -6.88
4.07 -7.14 -5.00
2.62 -7.26 -2.34
4.24 -7.81 -2.28
4.22 -9.36 -0.04
4.03 -8.86 1.30
3.34 -7.99 -1.45
4.77 -7.53 -6.15
3.35 -8.29 -5.41
2.37 -8.03 -3.45
3.97 -8.80 -2.83
4.13 -9.86 -1.29
4.46 -8.51 -0.47
4.25 -8.69 0.91
4.69 -9.54 -1.32
3.19 -7.80 -5.36
4.59 -8.93 -2.15
3.55 -9.40 -1.04
2.96 -8.01 -2.05
3.31 -8.50 -2.53
3.48 -9.24 -1.58
3.35 -8.87 -0.53
5.12 -11.40 -0.20
1.26 -9.58 -3.02
2.79 -9.12 -0.89
3.02 -7.82 -0.91
2.60 -8.67 -0.87
3.31 -9.74 -3.00
1.98 -7.82 -2.90
4.27 -10.29 -1.89
3.05 -9.36 -0.88
3.80 -6.90 -1.91
5.83 -9.85 0.14
8.26 -9.11 4.44
7.28 -4.47 5.27
10.90 -4.67 2.72
7.08 -4.18 1.70
7.96 -4.56 1.70
10.31 -3.40 3.97
8.03 -2.02 4.79
8.38 -3.59 5.19
8.12 -4.39 4.08
11.39 -7.75 2.14
6.05 -4.42 1.53
10.74 -3.79 4.78
6.48 -3.04 6.21
8.59 -1.98 3.70
10.15 -7.24 1.28
5.71 -4.28 2.10
8.85 -5.08 2.29
8.65 -3.91 3.08
9.55 -5.41 3.15
8.01 -4.82 3.67
7.53 -4.94 4.16