-2.37 -2.41 -0.54
4.58 -9.25 16.03
6.98 -9.01 9.96
9.63 -9.72 11.82
8.10 -10.26 10.41
-2.89 -3.98 2.88
3.31 -6.97 5.35
0.01 -7.05 -8.85
-1.47 -5.65 -0.12
-0.65 -6.52 10.87
8.44 -8.61 11.55
9.34 -6.11 6.71
6.41 -11.62 7.74
-1.94 -6.28 2.64
0.25 -5.10 1.72
-0.81 -4.86 -7.03
2.27 -4.31 -0.22
8.32 -16.62 12.10
14.63 -9.11 3.82
11.57 -6.53 3.96
5.14 -11.12 4.28
-1.29 -8.39 2.52
-4.16 -4.16 -0.08
3.26 -6.15 -8.27
1.32 -7.21 -5.36
2.31 -4.44 3.83
4.40 -6.02 8.79
11.06 -8.75 6.10
9.59 -14.54 8.09
-1.20 -7.02 4.13
-3.92 -5.93 2.13
-16.14 -19.61 19.61
1.41 -8.41 -5.00
0.68 -5.20 6.06
6.73 -11.11 9.63
12.96 -7.42 3.31
13.20 -11.23 8.67
2.77 -6.39 2.07
-1.13 -7.09 -0.54
0.34 -4.61 -7.56
-4.27 -7.49 -2.26
1.31 -6.32 2.97
5.07 -2.60 7.02
11.43 -9.24 8.33
15.26 -8.67 6.18
7.10 -8.92 2.05
1.13 -9.16 -2.54
3.28 -4.64 -0.96
-2.01 -5.15 -5.14
2.23 -5.14 -2.31
5.24 -7.02 8.10
12.76 -11.25 4.15
15.31 -11.05 5.01
3.77 -10.62 6.18
-3.17 -3.88 -2.10
2.29 -8.96 0.78
-0.41 -8.96 -6.08
-1.22 -3.28 -0.11
8.11 -7.16 3.96
14.38 -11.89 -0.84
12.72 -9.83 7.58
6.26 -10.94 3.27
-2.93 -3.86 0.56
-0.97 -5.54 -0.03
-0.91 -6.69 -3.07
-2.34 -4.84 2.26
4.05 -7.85 9.42
10.61 -10.05 3.85
17.02 -9.47 0.56
4.17 -11.91 1.78
-4.93 -1.78 1.70
1.38 -5.77 0.99
0.04 -7.58 -4.12
-1.93 -5.32 2.45
5.26 -12.45 8.69
11.60 -8.55 5.44
11.84 -11.39 6.24
2.39 -9.63 3.38
-1.74 -7.04 0.01
-1.19 -7.37 -1.78
-1.34 -8.76 -1.33
-1.65 -7.05 3.77
4.35 -8.67 6.15
16.53 -7.92 1.63
12.19 -11.44 3.27
-0.68 -10.55 3.79
1.60 -4.27 1.30
-1.59 -5.09 -5.12
1.81 -6.50 0.76
3.75 -7.77 8.73
12.47 -8.39 3.02
15.84 -13.03 5.11
2.36 -10.32 3.00
-3.70 -5.09 -0.55
-0.47 -3.50 -11.58
1.16 -5.69 -1.85
-2.64 -4.79 3.79
8.69 -13.01 8.13
16.78 -8.10 13.62
6.91 -10.86 3.44
-2.13 -7.95 5.53
-2.13 -3.75 -0.33
0.72 -6.96 -4.64
-2.14 -4.89 2.24
8.73 -19.61 10.59
10.28 -3.63 19.61
10.41 -11.87 6.69
-0.24 -8.05 3.96
2.84 -7.15 2.84
-0.24 -6.68 -7.46
1.93 -8.57 3.39
6.53 -8.71 7.09
10.28 -12.48 3.99
13.50 -13.59 7.16
-0.33 -9.28 6.42
-1.14 -5.33 2.54
-2.72 -10.53 -7.55
1.53 -5.01 -2.41
4.87 -7.78 8.61
12.54 -10.34 -0.90
14.49 -11.65 9.82
3.51 -11.95 2.66
-1.63 -2.90 -0.40
-3.71 -11.67 -18.65
-0.33 -2.21 -1.64
3.80 -3.28 6.38
16.38 -12.99 -6.29
12.58 -12.16 9.28
1.41 -9.01 1.73
-3.28 -5.93 0.42
-4.71 -14.85 -14.03
1.54 -4.84 3.53
5.18 -6.16 8.95
14.87 -8.57 4.46
10.99 -12.53 5.33
3.08 -9.51 2.20
-2.03 -3.24 -2.28
-1.33 -8.92 -6.04
0.60 -3.72 -0.86
7.28 -10.89 6.17
15.33 -9.31 3.78
11.46 -12.78 1.97
1.10 -10.50 4.80
-1.48 -1.47 -0.70
3.34 -6.41 -6.33
-0.44 -6.65 2.60
9.37 -15.90 10.48
19.61 -5.19 19.61
10.81 -15.13 5.30
-1.82 -8.29 1.34
4.76 -7.93 3.32
4.70 -6.64 -6.04
2.40 -5.39 6.77
7.94 -7.16 9.43
17.66 -1.58 15.10
10.66 -10.36 9.73
2.16 -8.43 -0.08
-0.41 -4.24 -10.28
1.67 -4.67 -1.33
6.88 -10.23 7.30
10.30 -9.43 4.95
12.79 -8.00 5.44
6.16 -11.78 4.55
0.13 -5.66 1.41
-1.83 -4.77 -6.67
-2.58 -3.70 1.52
1.63 -3.04 7.02
11.79 -10.33 5.17
17.45 -7.64 2.92
3.76 -14.60 8.98
-5.02 -1.40 0.56
-2.94 -10.24 -9.62
1.13 -3.26 0.69
1.57 -14.66 9.97
14.13 -9.27 -1.51
11.37 -10.21 7.32
2.33 -15.19 3.45
-0.58 -3.17 -0.08
-4.76 -19.61 -6.27
1.09 -5.50 0.39
3.06 -3.76 5.98
10.69 -18.63 -2.82
13.34 -12.65 2.87
2.62 -9.62 2.87
3.44 -1.78 1.34
5.82 -0.48 -8.26
-2.50 -6.82 4.16
4.62 -8.82 8.17
19.61 -13.08 9.30
9.72 -10.94 3.44
-2.24 -5.73 2.15
3.80 -15.62 -0.03
3.12 -6.57 -3.28
0.39 -3.67 1.60
13.52 -14.64 6.93
10.56 -11.14 16.72
6.96 -8.85 6.15
-0.96 -7.68 -2.37
5.04 -6.09 -5.26
-0.80 -4.62 -2.52
6.89 -17.67 8.10
12.41 -8.90 3.64
11.79 -11.84 3.95
2.66 -11.67 -2.21
-1.92 -5.05 -0.23
1.33 -5.53 -7.48
-0.36 -4.30 -0.94
-0.27 -6.41 5.31
10.93 -11.86 4.49
10.78 -13.64 10.23
-1.18 -14.16 2.65
-1.21 -4.85 0.81
-2.79 -8.19 -5.27
3.20 -3.36 -1.11
5.11 -6.44 4.28
16.67 -13.65 6.18
10.51 -14.14 7.57
-2.58 -5.42 2.98
1.38 -3.51 -1.15
1.57 -3.07 -7.38
-0.03 -2.95 0.84
7.00 -14.25 10.20
19.61 -19.61 11.23
6.11 -12.77 7.39
-3.09 -6.87 -0.99
7.51 -5.78 -3.17
1.51 -5.86 -5.63
0.02 -4.81 3.08
9.47 -11.58 7.61
13.89 -11.56 10.37
5.83 -11.70 8.01
-1.47 -2.48 -0.75
4.03 -3.88 -11.54
1.36 -7.53 -4.33
2.40 -3.22 5.28
17.08 -14.66 1.91
14.62 -9.98 6.84
3.91 -11.45 7.73
-2.48 -1.73 0.16
0.61 -5.96 -16.67
1.45 -5.54 -0.82
1.68 -5.38 9.67
9.52 -16.38 6.25
10.28 -13.99 9.02
-2.24 -7.53 4.39
0.16 -9.50 1.70
1.56 -5.23 -8.38
0.34 -3.34 -0.28
1.67 -13.40 12.72
10.60 -8.25 3.43
12.26 -13.48 5.35
-1.36 -10.87 1.63
-2.81 -2.76 -0.39
-8.09 -11.06 3.68
1.40 -3.26 -1.76
2.75 -9.50 7.32
9.67 -12.37 8.09
11.15 -12.82 6.71
-1.38 -10.76 4.21
-1.59 -4.05 -0.68
-0.72 -1.20 -0.64
2.13 -3.92 -1.50
-0.11 -9.93 10.55
12.62 -10.65 2.15
15.78 -8.19 7.90
3.77 -10.40 1.36
-2.62 -10.37 4.62
-3.02 -7.26 -2.92
0.00 -4.99 -4.40
1.34 -5.09 5.25
10.90 -12.98 7.28
18.08 -9.17 5.52
3.77 -13.68 3.75
-4.54 1.34 0.79
6.61 -1.33 -6.40
3.31 -5.94 -5.21
4.23 -5.05 6.17
12.17 -4.23 0.75
13.08 -14.55 5.76
1.32 -7.82 2.13
-0.26 -1.48 -1.02
-1.05 -4.83 -6.97
3.00 -2.72 -2.21
9.30 -9.05 9.24
18.53 -16.65 -2.70
11.63 -12.21 4.23
-2.90 -7.49 1.13
3.59 -3.57 -2.52
1.69 -2.56 -5.34
-0.33 -6.63 1.73
10.55 -12.88 6.32
19.61 -6.28 15.97
6.61 -14.10 8.29
-1.28 -6.86 -1.33
9.22 -6.99 -4.22
2.65 -4.58 -3.43
0.49 -5.29 2.59
11.06 -14.24 5.79
12.59 -8.38 8.73
5.51 -12.86 5.93
-5.52 -9.36 1.65
3.86 -4.83 0.30
1.60 -4.93 -7.86
-0.51 -3.08 0.57
5.96 -10.89 7.79
14.43 -12.55 1.92
10.15 -14.75 4.47
-1.38 -9.13 2.77
-6.58 -5.51 -1.45
-7.98 -11.89 15.78
1.97 -4.29 -1.49
-3.33 -5.94 9.27
10.24 -14.57 7.11
15.37 -10.59 4.08
-0.75 -6.81 11.39
-3.09 -5.09 1.37
3.31 -0.84 -10.39
4.30 -3.27 -3.45
-1.00 -6.60 6.33
14.36 -15.10 1.71
15.00 -9.73 6.62
4.61 -9.24 4.61
-3.86 -3.10 0.91
-19.61 -15.59 19.61
0.48 -5.24 -0.76
-5.19 -7.51 7.30
9.63 -14.08 6.27
11.61 -9.20 11.42
3.85 -10.89 8.31
-3.51 -6.72 -0.64
1.71 -4.64 0.07
3.16 -4.63 -7.81
0.71 -4.24 2.03
8.04 -12.75 9.55
15.91 -6.37 12.45
9.47 -11.48 4.46
-2.15 -6.73 -1.47
0.47 -4.42 2.19
2.91 -2.34 -6.64
-2.59 -4.63 2.34
6.81 -7.34 5.43
16.97 -5.34 14.29
8.05 -11.81 5.60
-2.63 -6.00 3.89
-0.45 -3.16 -1.28
-2.53 -11.99 -7.26
-1.78 -6.49 1.79
1.95 -6.40 10.48
12.21 -11.97 4.24
11.10 -11.78 8.70
3.03 -11.29 3.11
-3.36 -7.13 2.08
-0.56 -9.33 -6.70
1.43 -4.94 -0.82
7.38 -9.81 7.30
18.82 -11.63 5.03
11.60 -12.93 6.08
-3.05 -4.95 2.35
7.64 -2.72 -4.46
4.12 -4.96 -3.27
-0.38 -3.67 4.24
12.85 -9.54 5.35
14.28 -12.52 7.31
-0.52 -9.48 4.92
-1.86 -3.57 1.39
0.64 -2.74 -6.75
0.44 -3.32 -1.38
2.78 -12.70 7.76
12.89 -10.99 4.81
13.88 -14.48 7.10
0.67 -7.89 6.68
3.26 -4.64 3.47
1.05 -6.71 -9.11
1.42 -4.05 -1.56
2.27 -7.85 11.72
8.62 -16.14 6.45
13.59 -11.58 10.72
2.84 -9.56 4.61
-1.74 -5.44 1.33
4.94 -5.58 -12.46
2.06 -2.86 -1.00
2.27 -8.19 5.44
12.28 -3.18 -3.66
13.07 -11.83 9.84
4.26 -10.58 4.45
-1.57 -1.04 -1.11
3.27 -0.34 -17.55
3.10 -3.86 -3.50
2.57 -9.77 4.39
7.70 -3.15 11.88
13.28 -13.00 10.79
0.64 -5.08 4.91
0.73 -3.12 -0.07
3.48 -4.17 -9.33
1.69 -2.07 -0.40
6.74 -13.99 10.69
17.09 -8.12 7.50
8.18 -15.53 7.19
0.23 -10.90 -1.08
8.16 -2.57 -6.91
3.02 -2.55 -5.75
1.72 -6.19 5.03
12.32 -19.61 8.83
13.40 -11.13 5.21
1.38 -13.42 5.85
-2.72 -2.60 -0.33
4.31 -6.41 -6.75
1.84 -4.72 -2.79
0.34 -9.82 7.67
7.80 -13.48 10.33
14.62 -8.26 9.88
2.54 -7.03 8.08
-4.38 -5.36 -0.91
0.19 -2.96 -1.80
1.40 -5.19 -7.24
0.78 -3.84 1.62
13.08 -17.39 6.05
16.93 -15.49 19.61
8.20 -12.35 5.35
-0.39 -7.32 -1.65
4.83 -3.37 -5.92
2.53 -3.96 -3.97
3.27 -6.05 4.59
11.02 -13.70 7.91
13.79 -10.07 8.54
6.14 -10.26 7.61
-0.48 -2.55 -2.13
1.81 -1.77 -11.27
0.84 -4.42 -1.09
7.74 -6.33 3.95
19.50 -14.78 -9.90
13.32 -12.54 6.05
1.13 -10.01 2.61
3.64 -1.10 -2.95
3.82 -5.65 -8.49
1.53 -5.24 0.23
7.62 -12.97 9.24
19.61 -14.75 19.36
6.46 -13.26 12.04
-0.67 -3.68 -0.14
4.49 -4.39 -4.22
4.39 -5.38 -3.17
0.43 -5.60 5.41
14.00 -16.08 3.80