-19.05 5.14 -3.37
12.30 -4.27 2.68
10.26 -1.78 -4.60
-9.41 -3.52 0.88
-19.61 2.00 4.83
-15.95 1.10 0.34
6.50 -3.49 3.59
4.07 -0.63 0.55
-7.98 -6.26 7.05
-19.61 -6.03 6.25
-15.94 -4.06 8.55
-0.38 -2.06 2.33
4.14 -2.72 -4.57
4.06 -2.14 1.88
-19.61 -2.21 -0.35
-16.12 -4.68 7.34
-9.76 -4.42 4.66
-19.61 -8.50 -2.32
-4.37 -2.53 3.58
3.45 -3.08 1.17
5.14 1.05 0.20
-18.92 -9.37 1.06
-10.17 -2.16 0.75
-12.86 -3.06 3.50
-16.60 -4.02 -1.22
4.14 -2.70 2.14
4.30 -1.26 1.16
-1.49 -0.19 2.12
-19.53 -9.98 5.70
-10.61 -3.52 1.70
-11.26 -4.09 1.99
-19.61 -10.89 -2.89
0.52 -1.43 3.84
3.41 -5.72 2.84
6.30 -0.00 -0.20
-19.61 -4.09 14.56
-19.61 -0.40 6.47
4.73 1.30 2.66
3.79 -7.42 4.30
6.03 -1.17 2.62
-19.61 1.23 1.31
-19.61 -0.05 7.53
-1.07 1.70 1.96
2.04 -7.67 4.05
6.45 1.08 -1.26
-19.61 1.86 -3.09
-19.61 -1.92 7.70
-9.39 -0.87 1.30
5.08 -1.02 1.34
5.41 -0.85 -1.50
-13.70 -0.12 3.07
-19.61 -1.13 8.85
-19.61 -6.89 -0.37
1.06 2.58 0.32
2.09 1.99 -2.23
4.72 -4.32 1.51
-19.61 2.51 3.25
-17.37 -2.16 5.33
-15.01 -1.41 -5.06
6.79 -0.62 3.34
5.30 -1.44 2.05
-12.44 -6.65 3.60
-19.61 4.75 10.74
-8.90 9.63 -6.47
9.96 -5.98 3.61
5.63 -0.85 0.38
-19.61 -3.46 0.47
-19.61 6.79 7.95
-17.68 1.09 -7.83
8.10 -1.16 2.82
4.73 1.75 0.78
-6.73 -4.86 1.59
-19.61 5.17 2.31
-19.61 1.76 -7.00
7.11 -2.67 4.13
4.56 2.05 0.37
-7.37 -4.41 6.88
-14.08 -8.13 6.70
-19.61 -7.82 5.70
0.17 0.41 2.00
0.90 -8.58 4.10
5.92 -1.80 0.51
-19.61 -0.21 4.21
-19.61 -1.64 10.25
-8.54 -0.29 1.93
5.33 -3.40 -5.40
3.20 1.79 1.91
-19.61 -3.77 -1.61
-19.61 1.09 4.47
-11.69 0.62 -1.80
6.65 -5.38 4.46
5.25 0.10 2.07
-15.92 -1.22 -6.69
-19.61 -4.76 10.36
-19.61 -2.61 -1.05
5.51 0.91 0.06
4.90 -0.83 -2.21
-6.21 -7.29 4.91
-19.61 3.09 10.07
-19.61 0.68 -5.65
5.35 -0.94 3.33
5.68 0.62 0.32
-4.42 -1.97 1.60
-19.61 6.89 11.72
-19.61 -4.49 4.13
-1.85 2.00 1.88
1.75 -2.92 1.17
0.49 0.88 -1.08
-19.61 0.19 5.72
-19.61 -0.20 3.73
3.31 2.38 0.53
2.81 -1.45 -7.60
3.57 -0.89 2.04
-19.61 -3.07 1.28
-19.61 -0.89 2.17
-6.08 2.19 -0.02
9.18 2.24 -4.93
4.87 -0.44 2.21
-19.61 3.85 -3.45
-19.61 0.07 6.31
-5.87 5.50 -0.02
8.02 -6.62 3.21
4.66 1.46 0.11
-19.61 2.02 -0.35
-19.61 4.44 4.39
-13.62 4.05 -3.79
11.31 -11.02 4.98
4.77 0.81 1.21
-14.46 -0.32 -0.15
-19.48 2.22 4.88
-19.61 -0.19 -5.56
6.59 -1.02 5.02
4.65 3.14 1.03
-3.14 -2.90 5.07
-19.61 -1.75 6.00
-19.61 -0.86 -1.62
0.84 -1.67 3.86
3.87 -3.57 1.12
-4.98 -4.10 3.00
-19.61 -3.41 12.13
-19.61 -0.69 -1.24
8.87 -2.03 3.90
8.51 0.41 3.31
-6.08 1.06 1.36