8.87 -9.23 -2.43
6.46 -9.33 -2.83
0.24 -9.20 -4.85
-2.73 -7.36 -2.57
-5.17 -1.46 -3.29
-5.57 3.73 -1.39
-4.38 2.01 4.49
-2.09 -9.67 2.45
4.66 -13.98 1.45
7.89 -10.31 3.24
8.08 -8.82 3.06
9.52 -5.99 1.19
9.11 -9.22 -2.93
8.12 -10.46 -6.60
6.17 -12.82 -4.10
-4.13 -7.09 -1.94
-6.67 -4.91 -1.36
-6.04 -3.09 -0.67
-3.75 3.06 0.72
-4.91 -5.36 4.61
1.07 -8.69 0.36
7.00 -13.81 1.92
8.83 -8.49 3.13
10.59 -7.45 1.95
7.97 -7.93 -3.18
8.48 -8.63 -8.44
3.78 -8.16 -3.77
-2.85 -7.82 -3.46
-3.97 -4.76 -3.49
-6.01 -2.36 -3.88
-5.92 1.81 -5.54
-3.44 4.98 -0.76
-2.34 -7.75 2.76
-2.21 -9.59 2.44
6.25 -13.46 0.57
8.06 -12.29 1.94
12.43 -7.42 -1.06
8.68 -8.85 -5.53
7.14 -8.27 -7.88
1.96 -6.13 -0.79
-3.07 -4.33 -4.98
-1.70 -1.79 -6.05
-6.61 -4.00 -1.53
-5.45 3.61 -0.63
-5.42 -0.51 2.65
-4.09 -2.90 5.27
2.16 -9.84 1.06
6.09 -12.88 2.48
8.95 -10.67 3.03
10.28 -7.57 1.10
8.50 -12.49 -5.92
8.15 -10.04 -4.25
-1.37 -5.99 -2.14
-4.47 -4.19 -5.76
-4.54 -4.65 -2.37
-6.33 2.37 -5.09
-3.93 5.89 -3.35
-3.58 7.14 -0.54
-5.01 5.37 4.42
-1.56 -8.00 6.87
3.45 -15.50 2.40
7.39 -12.07 2.92
6.11 -9.91 1.15
6.28 -11.65 -3.93